Feature	Gain	Cover	Frequency
Master_mpagospesos	0.0885942364832492	0.00787741379928073	0.00645389918601405
mpayroll	0.0706431074904599	0.042949971073507	0.0063465131762634
Master_mconsumospesos	0.0638712357905851	0.00472794224104019	0.00518674427095638
ctrx_quarter	0.0504378938664794	0.0262843249643303	0.0194905607697429
Visa_Fvencimiento	0.0406983682804552	0.0136473609677284	0.0288975752238998
ctarjeta_debito_transacciones	0.0361545431702279	0.00806990085421919	0.00838684736152574
Visa_cconsumos	0.0349758104202447	0.0258808533981568	0.0113507012306437
mpagomiscuentas	0.0308605701246291	0.00700524620617061	0.00666867120551535
mtransferencias_emitidas	0.0296519855844661	0.00823566022701768	0.00844054036640107
mrentabilidad	0.0293713580229721	0.0113592965277223	0.0260303687635575
numero_de_cliente	0.029304964542933	0.011851567108592	0.0394321427804386
Master_Fvencimiento	0.0258493211456239	0.0183562389956596	0.0331715384119757
cproductos	0.0229688565944495	0.0101992836627062	0.0122420051115741
mcomisiones_otras	0.0218457862298532	0.00519965306641766	0.00883786860247847
Master_mpagosdolares	0.0189862130570256	0.00325212963456866	0.000719486265329353
mtransferencias_recibidas	0.0189150318951463	0.00790330596963464	0.0124030841262
Visa_mlimitecompra	0.0174938088125115	0.00477396890166322	0.00602435514701145
Visa_mpagospesos	0.0168704877813931	0.010023956612842	0.0162689804772234
ctarjeta_visa_transacciones	0.0156605518668939	0.026416735006709	0.0109318957926161
mcuentas_saldo	0.0155285149147645	0.0163153990941879	0.0199093662077705
Visa_mconsumospesos	0.0150456497585911	0.00912994240218884	0.0124782543330255
Visa_msaldopesos	0.0150208705707023	0.00616551891930438	0.00777474710594704
mrentabilidad_annual	0.013057232694624	0.0209521567249119	0.0378320912351539
mpasivos_margen	0.0129477717666854	0.0122583238090918	0.020822147290651
matm	0.0129019542676774	0.00295106952251203	0.00383368054809819
mautoservicio	0.0127295391562153	0.0101802945428988	0.00962178647365821
Visa_fechaalta	0.0120524210185111	0.00884532930407024	0.0230557762934645
Master_mfinanciacion_limite	0.0104526511822854	0.0106553703386388	0.0248276454543502
Master_mlimitecompra	0.0102852630290591	0.0075704284305086	0.00740963467279483
Visa_mconsumosdolares	0.0100537025751287	0.00446936912851108	0.00470350722707846
Visa_mpagado	0.00996869962712925	0.00601271195532929	0.00391958935589871
cliente_antiguedad	0.00986938292328305	0.0115388050887958	0.0316037026696162
catm_trx	0.00949569826264034	0.00509237319499674	0.00349004531689611
mcaja_ahorro_dolares	0.00947192338894277	0.00939353807090396	0.0170636369493782
mextraccion_autoservicio	0.00868981437823133	0.00411069585463934	0.004628337020253
Visa_msaldototal	0.0086204603014388	0.00545792817710823	0.0099332059019351
Master_fechaalta	0.0078504825098063	0.01078289378323	0.0244195786172977
chomebanking_transacciones	0.00720242535640988	0.0107705168262327	0.0212624299306286
Master_cconsumos	0.00690836028433056	0.00759337378162087	0.00285646785936728
mttarjeta_visa_debitos_automaticos	0.00655175516458646	0.00946905900898504	0.00980434269023432
mcuenta_debitos_automaticos	0.00641465152573138	0.00974225476345386	0.00900968621807951
mcomisiones	0.00638286004972639	0.00576816864288602	0.017847554820558
mcaja_ahorro	0.00624462994831433	0.0102953880699538	0.0167414789201263
Visa_mfinanciacion_limite	0.006149554733839	0.00942561792930069	0.0237108309529435
Visa_mpagosdolares	0.00517559218601719	0.00244001059760936	0.00262021863791585
ccomisiones_mantenimiento	0.00516658397101214	0.00630610227470842	0.00257726423401559
cliente_edad	0.00503838016242845	0.0163549052848742	0.0452739417108739
ctransferencias_recibidas	0.00413409704364097	0.00935743479245894	0.00871974399175276
Master_mconsumototal	0.00403717528128565	0.000987924312585603	0.00142823392968364
Master_fultimo_cierre	0.00377168807744118	0.00627933190795497	0.0165052296986749
mtarjeta_master_consumo	0.00349034044252614	0.0043263163891717	0.00270612744571637
cpayroll_trx	0.00337798827345023	0.0261060139438017	0.00204033418526234
ctransferencias_emitidas	0.00336668791503212	0.0205176431688138	0.00647537638796418
ccomisiones_otras	0.00305719415870126	0.00796153726788939	0.0127574579583772
matm_other	0.00290944559702876	0.00323218564414859	0.00310345568179378
mtarjeta_visa_consumo	0.00285613516328107	0.0152737277391303	0.00706599944159275
mactivos_margen	0.00236306164752922	0.014231657203891	0.0239148643714697
Visa_msaldodolares	0.00216833294703932	0.00485778014022885	0.00332896630227014
Master_msaldopesos	0.00210511149217746	0.00290510609835342	0.00393032795687378
ctarjeta_visa_debitos_automaticos	0.00207794111651935	0.0107852003332694	0.00571293571873456
Master_mpagominimo	0.00200416780819785	0.00498330373163293	0.00449947380855222
ccuenta_debitos_automaticos	0.00194020359554993	0.00588187492000291	0.00403771396662443
mforex_sell	0.00187028919484152	0.0106490142835095	0.00135306372285819
Visa_fultimo_cierre	0.00183383160239156	0.00566537065588037	0.0162904576791736
ctarjeta_master_transacciones	0.00172180419685443	0.00809132932064135	0.00267391164279118
foto_mes	0.00157913425781157	0.0148733982347822	0.0173321019737549
Visa_mpagominimo	0.00139367981302274	0.00971172577934686	0.0105453061575138
cextraccion_autoservicio	0.00134117247533065	0.00429246828113882	0.00336118210519534
Visa_mconsumototal	0.00131012223258789	0.00152043225576137	0.00327527329739482
catm_trx_other	0.00116133539178441	0.00414501112205307	0.00207254998818754
cprestamos_personales	0.00105400898552914	0.00730461079052516	0.00455316681342755
cplazo_fijo	0.00102383158918855	0.00596319938460549	0.00112755310238182
mcuenta_corriente	0.00100647976802642	0.0140135064203263	0.0306909215867357
cpagomiscuentas	0.000891802699819056	0.00601342573692136	0.00430617899100105
mprestamos_personales	0.000869999717633757	0.0200912104424119	0.00641094478211379
Master_mpagado	0.000790369081905177	0.00356801948798595	0.00169669895406027
Master_msaldototal	0.000777931560975203	0.00251160059897136	0.00422027018320053
cinversion1	0.000750743316088697	0.00210723739864959	0.000440282639977664
Master_mconsumosdolares	0.000714382157778147	0.00283690557148395	0.000708747664354288
mttarjeta_master_debitos_automaticos	0.000712561530009594	0.00612678421348398	0.00270612744571637
mplazo_fijo_dolares	0.000670076418070507	0.00722534467283922	0.00281351345546702
mtarjeta_visa_descuentos	0.000669447228752942	0.00379303300885107	0.00134232512188312
minversion2	0.000658849270299057	0.00648983266023729	0.00102016709263117
cseguro_vida	0.000573962352265191	0.00178097676506857	0.00187925517063637
mtarjeta_master_descuentos	0.000434304459867037	0.00280273574793837	0.000687270462404158
cseguro_vivienda	0.000376081173982322	0.0017285150037357	0.00180408496381091
ctarjeta_visa_descuentos	0.000373495899643128	0.00440216694732353	0.000687270462404158
tmobile_app	0.000349010102649131	0.00548509772404329	0.00122420051115741
minversion1_pesos	0.00034383631724014	0.0105243254134357	0.00126715491505767
ctarjeta_debito	0.000308615174112165	0.00518934631317414	0.011404394235519
ccajeros_propios_descuentos	0.000293264406908725	0.00426318900765977	0.000579884452653508
ccallcenter_transacciones	0.000266643879801805	0.00753195852738292	0.00467129142415326
mcomisiones_mantenimiento	0.000215356698175929	0.0169907344967986	0.0103090569360624
Visa_Finiciomora	0.000174130722912549	0.00572980703220565	0.00195442537746182
cmobile_app_trx	0.000173504846233854	0.0022395312440249	0.00469276862610339
thomebanking	0.000125976815177985	0.00472416939548215	0.00329675049934495
ctarjeta_master_debitos_automaticos	0.000105748875042647	0.00330294329554776	0.00118124610725715
internet	9.97039723640067e-05	0.00422103558048204	0.0044135650007517
tcallcenter	8.22682232922053e-05	0.00215756571976432	0.00138527952578338
ccajas_transacciones	7.72839681661211e-05	0.000693551456640654	0.00136380232383325
mcheques_depositados	7.45866337140878e-05	0.00238097382488915	0.000579884452653508
ccaja_seguridad	6.46429615940141e-05	0.011298259901815	0.000912781082880522
ctarjeta_master_descuentos	5.06057007704743e-05	0.00163976736866683	0.000332896630227014
ccaja_ahorro	4.75345983805987e-05	0.00579447026934701	0.00366186293249715
mcaja_ahorro_adicional	4.53922107325634e-05	0.00321824358465713	0.00197590257941195
Master_Finiciomora	4.39392094514617e-05	0.00354842487903177	0.000891303880930392
ccajas_consultas	4.28771773935647e-05	0.00324631425121008	0.00223362900281351
cforex_sell	4.27243410078512e-05	0.00235811779528286	0.000279203625351689
mpagodeservicios	3.92799370647498e-05	0.00191427448931642	0.000536930048753249
mplazo_fijo_pesos	2.9589635535682e-05	0.00407866263313511	0.000193294817551169
cseguro_auto	2.93602040602209e-05	0.00351449377313934	0.000698009063379223
ccheques_depositados	2.18455853953827e-05	0.00150408958198963	0.000440282639977664
mprestamos_hipotecarios	2.07497135770722e-05	0.0026534376172824	0.000311419428276884
Master_msaldodolares	2.05036136519324e-05	0.00422342038564622	0.000977212688730912
cinversion2	2.03717226801223e-05	0.00303750033161597	0.000687270462404158
cseguro_accidentes_personales	1.81396002875148e-05	0.00111078802020531	0.00226584480573871
mcajeros_propios_descuentos	1.74663005024503e-05	0.00210411984095403	0.000440282639977664
Master_status	1.61678313480406e-05	0.00752514479834242	0.00114903030433195
mprestamos_prendarios	1.22862000321736e-05	0.00702835992436938	0.000740963467279483
mcheques_emitidos	8.6570707524731e-06	0.00626315839172553	0.000579884452653508
ccajas_extracciones	8.43299197279412e-06	0.00209481143339243	0.000773179270204678
mforex_buy	7.97773354578856e-06	0.00223699941408096	0.000279203625351689
Visa_status	7.49219057435739e-06	0.00626463733453699	0.000891303880930392
cdescubierto_preacordado	6.8673128527101e-06	0.00768007255524276	0.00328601189836988
ccajas_otras	6.35208160744524e-06	0.00379908710986281	0.00137454092480832
Visa_madelantopesos	5.84340902949395e-06	0.000602362103589635	0.00015034041365091
cpagodeservicios	5.46393243046193e-06	0.000616859853512129	0.000193294817551169
ccheques_emitidos	5.29589699067431e-06	0.00573912966797174	0.000408066837052469
ccajas_depositos	3.65001919829474e-06	0.000569260185836824	0.000773179270204678
active_quarter	2.77457734135473e-06	0.0011778131392925	0.00366186293249715
cforex	2.37210087145545e-06	0.000887077960962907	0.000268465024376624
Master_delinquency	1.2433916002766e-06	2.29161042474806e-05	0.000118124610725715
ctarjeta_master	6.44341917439672e-07	0.00152784910258122	0.000311419428276884
minversion1_dolares	6.02557625615107e-07	0.00556287936572713	0.000161079014625975
cprestamos_prendarios	5.64569960265441e-07	0.000629847042390958	0.000504714245828054
Master_cadelantosefectivo	4.58969350852368e-07	0.000543753757915824	2.14772019501299e-05
ctarjeta_visa	3.18315645189115e-07	0.000726809884642888	0.000408066837052469
Visa_cadelantosefectivo	2.19366940623407e-07	0.000700509048637699	2.14772019501299e-05
ccuenta_corriente	2.18891715389081e-07	0.000552772858652734	4.29544039002599e-05
tcuentas	1.99625588137042e-07	0.00167644926076123	0.000987951289705977
Visa_delinquency	1.90759586018742e-07	0.000125220056374897	0.000440282639977664
cprestamos_hipotecarios	1.71970896471293e-07	0.00165876518348812	0.000289942226326754
mpayroll2	7.5966255638273e-08	0.00094662062539842	3.22158029251949e-05
cforex_buy	7.1774347311251e-08	0.00118168242045877	0.00017181761560104
mcheques_emitidos_rechazados	6.46696878525376e-08	3.80936461624154e-05	8.59088078005198e-05
ccheques_depositados_rechazados	5.49269180379203e-08	0.000285381421161219	2.14772019501299e-05
mcheques_depositados_rechazados	4.89344565817464e-08	0.000765429183915736	3.22158029251949e-05
mcuenta_corriente_adicional	2.84077429105384e-08	9.11988385206814e-05	6.44316058503898e-05
ccheques_emitidos_rechazados	1.20775939103976e-08	7.76148555089552e-06	4.29544039002599e-05
cliente_vip	1.84176920919952e-10	0.000335425968641894	1.0738600975065e-05
