Feature	Gain	Cover	Frequency
ctrx_quarter	0.03740451664235	0.00365954243067045	0.0013849484342015
cdescubierto_preacordado	0.0288462636013865	0.0058054302134897	0.00258165145016203
Visa_status	0.0265225892600105	0.0044645443372516	0.00215137620846835
ctarjeta_visa_slope_6	0.0262147619956932	0.00118037962927887	0.000416829140390744
Visa_status_slope_6	0.0217826265016793	0.00424624618705991	0.00211103790455957
mcaja_ahorro	0.0215438224142086	0.00332024974358328	0.00134461013029272
lag_1_mcaja_ahorro	0.0209733675809165	0.00269581189158219	0.00199002299283323
avg_6_mcaja_ahorro	0.0190386082809254	0.00209443592820693	0.00130427182638394
mautoservicio	0.0164533648117785	0.0012361503170594	0.000779873875569779
active_quarter	0.0163609503276177	0.0017317114653512	0.00121014911726345
avg_6_mpasivos_margen	0.0145930345043375	0.00142330770617046	0.00146562504201907
ctarjeta_visa	0.014359278397794	0.000698946548890854	0.000309260329967326
avg_6_ctrx_quarter	0.0142593019821049	0.00244377133284607	0.00130427182638394
lag_1_mcuentas_saldo	0.0136034549922146	0.00181411825818481	0.00176143927068347
mpayroll	0.0135746023947987	0.00687297734112996	0.00204380739804494
avg_6_cpayroll_trx	0.0129303601976182	0.00288076917473937	0.000752981672963924
mprestamos_personales	0.0128247111944636	0.00983834778211643	0.00264888195667666
mcuenta_corriente	0.01241693631933	0.00506521327663276	0.00324051041400546
mcuentas_saldo	0.011390076358169	0.00876758503462428	0.00305226499576448
lag_1_mcuenta_corriente	0.0109407096415448	0.00321137949197958	0.00324051041400546
ctarjeta_master_slope_6	0.0105485977958204	0.000663775106232697	0.000309260329967326
Visa_msaldopesos	0.0101284711540049	0.00407554371670838	0.00430275241693671
Visa_Finiciomora	0.0100927560621381	0.00545677496995976	0.00125048742117223
mpasivos_margen	0.0094210989986853	0.00224701030946664	0.00130427182638394
Visa_mpagospesos	0.00930947531796306	0.00253971923699993	0.00435653682214842
lag_1_Visa_mpagospesos	0.00895044469945812	0.00156394630109157	0.0027161124631913
delta_1_cdescubierto_preacordado	0.00883129965204848	0.00609571488035126	0.0010891342055371
avg_6_ctarjeta_debito_transacciones	0.00862911068778288	0.00160816852251615	0.000954673192507832
ctrx_quarter_slope_6	0.00860618249271333	0.00393386807170544	0.0041010608973928
Master_status	0.00856436334907357	0.00333596499000379	0.00186900808110688
Master_status_slope_6	0.00849342305672964	0.00224440700537331	0.0011832569146576
Visa_madelantopesos	0.00838499474016927	0.000686294537892658	0.00125048742117223
Visa_cadelantosefectivo	0.00833890657972805	0.000675717340683127	0.0010353498003254
Visa_mconsumototal	0.00800521071096002	0.00277570017426747	0.00373801616221377
avg_6_mcuentas_saldo	0.00754466206908599	0.00125048008597935	0.00119670301596052
delta_1_cproductos	0.00745783233364194	0.00269464608315647	0.000833658280781487
delta_1_mcuenta_corriente	0.00732744387639597	0.00338088149211843	0.00239340603192104
ccomisiones_mantenimiento_slope_6	0.00729808360366838	0.00530806920093694	0.00181522367589517
Visa_delinquency	0.0072352274540709	0.00318610814381471	0.00193623858762152
delta_1_mprestamos_personales	0.00702443617083062	0.0102050959941923	0.00338841752833766
avg_6_mpayroll	0.00682888305036395	0.00151387867513602	0.000591628457328798
lag_1_mprestamos_personales	0.00639576917566065	0.00296659096915969	0.0018286697771981
delta_1_ctrx_quarter	0.00634435476695179	0.00675034531515346	0.00293125008403813
Visa_msaldototal	0.00617162008751705	0.00281859153599256	0.00387247717524304
mcomisiones_mantenimiento_slope_6	0.00573619157667754	0.00564743679316519	0.00254131314625324
mprestamos_personales_slope_6	0.0052918206688103	0.00680142848049363	0.00252786704495032
lag_1_mtarjeta_visa_consumo	0.00526065475457305	0.000740449374722409	0.000873996584690269
mcuenta_corriente_slope_6	0.00525492837824273	0.00330597387883937	0.00324051041400546
lag_1_mpayroll	0.00516944472069505	0.00156139045306245	0.000927780989901978
lag_1_ctrx_quarter	0.00515401716413337	0.00155176186740478	0.00130427182638394
lag_1_mextraccion_autoservicio	0.00498189097703414	0.000512419163244346	0.000591628457328798
mextraccion_autoservicio	0.00491144714149887	0.000881767340667879	0.000510951849511234
Visa_mconsumospesos	0.00478752678047845	0.00265023067324282	0.00352287854136693
mpayroll_slope_6	0.00447217615349554	0.00689359373873956	0.00223205281628592
lag_1_Visa_msaldopesos	0.00435294082506296	0.00269615313177746	0.00306571109706741
foto_mes_2	0.00430281727138803	0.00367559287696012	0.00267577415928252
avg_6_Visa_mconsumototal	0.00423667660555567	0.0014854724486936	0.00313294160358204
mtarjeta_visa_consumo	0.00423402592151688	0.00228266875023154	0.00145217894071614
avg_6_matm	0.00421195300579374	0.000615032656463042	0.000806766078175633
avg_6_mprestamos_personales	0.00420486973042998	0.00301631026964293	0.00151940944723078
lag_6_mprestamos_personales	0.00411233931072495	0.00218559166190774	0.00244719043713275
Visa_mpagominimo	0.00400832353988781	0.00341228858825325	0.00488093477296258
lag_1_internet	0.0038841919984249	0.00321420465699603	0.0012370413198693
mcuentas_saldo_slope_6	0.00372876987932268	0.0039207353577927	0.00239340603192104
delta_1_mcuentas_saldo	0.00372773018796311	0.00671528782311992	0.00264888195667666
lag_3_mcaja_ahorro	0.00362979309376541	0.00180106954813221	0.00287746567882642
internet	0.00355160069376629	0.003903025249073	0.000900888787296123
avg_6_mextraccion_autoservicio	0.00354710305408886	0.00133877469305974	0.0010891342055371
Master_delinquency	0.00341368716630903	0.00160510849840645	0.00119670301596052
foto_mes	0.00336904838761281	0.00391258384850494	0.00281023517231179
foto_mes_1	0.0033257741934752	0.00463808915059342	0.00320017211009668
Visa_cconsumos	0.00330420098717238	0.00163464610086711	0.00303881889446155
Visa_cconsumos_slope_6	0.00328498000910193	0.00334203962108763	0.00551290153420016
cpayroll_trx_slope_6	0.00327937034122846	0.00417098866813885	0.00211103790455957
foto_mes_3	0.00324040778237007	0.00384809365688951	0.00239340603192104
lag_1_Visa_delinquency	0.00322996472742028	0.00269171254908255	0.00147907114332199
avg_6_cextraccion_autoservicio	0.0030738220320515	0.000724326673898902	0.000739535571660997
avg_6_ctarjeta_visa_transacciones	0.00290222049880724	0.000592968517569402	0.000860550483387342
delta_1_mpayroll	0.00288560928386576	0.00734117581214621	0.00215137620846835
cprestamos_personales_slope_6	0.00285487209385139	0.00388920625726511	0.00096811929381076
cproductos_slope_6	0.00275887647451038	0.00593061663475866	0.00200346909413616
avg_6_Visa_status	0.002644481211096	0.00273133206749838	0.0012370413198693
lag_3_cpayroll_trx	0.00254826219808581	0.000765303481626779	0.00033615253257318
lag_3_mpayroll	0.00254094393882254	0.00422833583006072	0.00165387046026005
ctarjeta_visa_transacciones_slope_6	0.00249080031108673	0.00210609995084381	0.00201691519543908
mtransferencias_recibidas	0.00245455723701468	0.00232617489991616	0.00112947250944589
avg_6_Visa_mpagominimo	0.00242191495690269	0.00280487856847418	0.00379180056742548
ctarjeta_visa_transacciones	0.00236726860640322	0.00264522319192492	0.00100845759771954
cdescubierto_preacordado_slope_6	0.00232943301518846	0.00268475220739554	0.00072608947035807
avg_6_Master_status	0.00229701963463883	0.00108409040846992	0.00102190369902247
avg_6_ccomisiones_otras	0.00227796622096476	0.00111154725876224	0.00082021217947856
avg_6_ctarjeta_visa	0.00226088835826006	9.77294690302192e-05	4.03383039087817e-05
mcaja_ahorro_slope_6	0.00221636928357572	0.00271911852810519	0.00161353215635127
thomebanking	0.00220509154478939	0.0039528399459302	0.00434309072084549
avg_6_mrentabilidad_annual	0.00220086644271764	0.00286547004816861	0.00220516061368006
lag_1_cpayroll_trx	0.0021664864516522	0.000978862295103924	0.000363044735179035
avg_6_Visa_Finiciomora	0.00213938897444027	0.00328757570816197	0.00154630164983663
avg_6_Visa_delinquency	0.00212396064017347	0.0012014364864489	0.000941227091204905
mcuenta_debitos_automaticos	0.00208542150288771	0.00352757330937262	0.00110258030684003
delta_1_Visa_mpagominimo	0.00203133872671686	0.00273082661708741	0.00322706431270253
avg_6_cprestamos_personales	0.00199806145172387	0.00153144101250221	0.000806766078175633
lag_1_ctarjeta_debito_transacciones	0.0019965613313176	0.000442481871808643	0.000268922026058544
lag_1_Visa_mconsumototal	0.00189935883137417	0.0015402813483459	0.00283712737491764
internet_slope_6	0.00186205175001455	0.00339184483692663	0.00151940944723078
lag_3_mprestamos_personales	0.00185177152827681	0.00345786733439164	0.00237995993061812
Visa_mpagominimo_slope_6	0.00183717699448036	0.00339841745084528	0.0052843178120504
ccaja_ahorro	0.00178798091262842	0.0031422204850941	0.00048405964690538
lag_1_mpasivos_margen	0.00178512608662548	0.00120454773864079	0.00141184063680736
tcallcenter	0.00176800866341448	0.00293006980671207	0.00164042435895712
lag_6_mpasivos_margen	0.00176430437230377	0.000874444273575003	0.00211103790455957
mactivos_margen	0.00176229371430742	0.00596369955183302	0.00287746567882642
avg_6_mcuenta_corriente	0.00173746213979974	0.00256657450139568	0.00279678907100886
delta_1_ccomisiones_mantenimiento	0.00172175210911058	0.00160045380271727	0.000389936937784889
lag_1_cdescubierto_preacordado	0.00165276400959603	0.00166828686881861	0.00137150233289858
delta_1_mcomisiones_mantenimiento	0.00163340674580935	0.00143790725083668	0.000793319976872706
lag_3_ctrx_quarter	0.00161088549448329	0.0022721604942968	0.00278334296970593
delta_1_mcaja_ahorro	0.00154580221519389	0.00624054286195827	0.00237995993061812
lag_3_mcuenta_corriente	0.00147631080216222	0.00447984613991621	0.00369767785830498
Visa_fechaalta_slope_6	0.00146104810538656	0.00271386056440331	0.00497505748208307
Visa_mfinanciacion_limite	0.00144174902111771	0.00191421726813926	0.00239340603192104
delta_1_mcaja_ahorro_dolares	0.00142178033618408	0.00471860646825215	0.00170765486547176
Visa_mpagospesos_slope_6	0.00141984727375935	0.00190828319569885	0.00467924325341867
delta_1_ctarjeta_master	0.00140723275300466	0.000416249041354848	0.000228583722149763
lag_1_Visa_mpagominimo	0.00139604366157657	0.00290484084277641	0.00348254023745815
tmobile_app	0.00135998018624656	0.00289186772600331	0.00383213887133426
Visa_msaldototal_slope_6	0.00133464430597786	0.00282792761184956	0.00420862970781622
mpagomiscuentas	0.00132960488277129	0.00397239365393027	0.00114291861074881
mtarjeta_visa_consumo_slope_6	0.00127861792964665	0.000861224013163579	0.00130427182638394
ccaja_ahorro_slope_6	0.00127853664402259	0.00513790620561814	0.000995011496416614
Visa_fultimo_cierre_slope_6	0.00126591692906693	0.0026453923720292	0.0046926893547216
delta_1_Visa_status	0.00126505573596789	0.00291409689068412	0.00126393352247516
lag_6_mcomisiones_otras	0.00124433403339814	0.00182929879556829	0.00399349208696938
avg_6_thomebanking	0.00124172798098472	0.00202166207924097	0.00414139920130158
delta_1_mtarjeta_visa_consumo	0.00119745904678882	0.00134079440480178	0.00115636471205174
lag_3_mextraccion_autoservicio	0.00118476378399577	0.000668262890125719	0.00102190369902247
lag_1_ccaja_seguridad	0.00115503330335271	0.00238001563978822	0.000457167444299525
lag_6_mcomisiones_mantenimiento	0.00113918087565969	0.00307953089685125	0.00268922026058544
lag_3_mcomisiones_mantenimiento	0.00108808437311089	0.00170968807954384	0.00272955856449422
matm_slope_6	0.00108301060964335	0.000418600053515021	0.000510951849511234
ctarjeta_debito_transacciones	0.00107278840764173	0.000572344473977387	0.000295814228664399
lag_6_mcuentas_saldo	0.00105767649311888	0.00141672074329147	0.00255475924755617
lag_6_mcuenta_corriente	0.00100802348436098	0.00243898278149138	0.0033615253257318
lag_1_mrentabilidad_annual	0.000993168649797023	0.00227931807684356	0.0021244840058625
lag_1_thomebanking	0.00099170345099022	0.00180705349786458	0.00385903107394011
Visa_msaldopesos_slope_6	0.00097400011312994	0.00182871283296246	0.00260854365276788
avg_6_Visa_mpagospesos	0.000970173792055949	0.00162596373102015	0.00338841752833766
lag_6_mcomisiones	0.000968972938701995	0.00169728734101448	0.00345564803485229
mttarjeta_visa_debitos_automaticos_slope_6	0.000952610677815401	0.00236967944394447	0.00147907114332199
avg_6_mtarjeta_visa_consumo	0.000949551186497045	0.000548972795630624	0.000658858963843434
delta_1_Visa_cadelantosefectivo	0.000948797622170098	0.000401099597633195	0.000793319976872706
lag_1_mactivos_margen	0.000946928162446317	0.00255557738683181	0.00192279248631859
delta_1_ctarjeta_visa	0.000944450848146475	0.000702770253724356	0.000228583722149763
mplazo_fijo_dolares	0.00093536632392881	0.00504882243120589	0.000927780989901978
Master_Fvencimiento_slope_6	0.000932578409252047	0.00162794009004189	0.00375146226351669
ctarjeta_visa_debitos_automaticos_slope_6	0.000932200869881435	0.00337254398156508	0.00150596334592785
lag_6_ctrx_quarter	0.000926616006631613	0.00158409983641226	0.00254131314625324
ccomisiones_otras_slope_6	0.000926546013433959	0.00151715826637412	0.00228583722149763
Visa_mconsumospesos_slope_6	0.000915691114224168	0.00258058747177748	0.00415484530260451
mactivos_margen_slope_6	0.000910381969427261	0.00195837080315512	0.00248752874104154
avg_6_Visa_msaldototal	0.000909022383524874	0.0012753885558187	0.00233962162670934
lag_6_cliente_edad	0.000907796536693077	0.00240299163854491	0.00389936937784889
avg_6_ccaja_seguridad	0.000906484106514255	0.00201936056207364	0.000322706431270253
lag_1_matm	0.000898946009578975	0.000325631610302798	0.000430275241693671
lag_3_internet	0.000880708766848835	0.000874973477504688	0.0012370413198693
avg_6_mactivos_margen	0.000879403079069873	0.00275985084280198	0.00172110096677468
avg_6_mcomisiones	0.000874704994008048	0.00168247253645661	0.00204380739804494
avg_6_cdescubierto_preacordado	0.000871635584479339	0.00137960943843431	0.00107568810423418
lag_1_Master_msaldototal	0.000858676877970416	0.000987585647416641	0.00164042435895712
delta_1_Master_status	0.000827763837563894	0.000795352447391483	0.00082021217947856
lag_6_mcaja_ahorro	0.000817352055685208	0.00151864627649889	0.00334807922442888
ccajas_consultas_slope_6	0.000816131866511315	0.00377776958068994	0.00112947250944589
ccuenta_debitos_automaticos_slope_6	0.000804350055573948	0.00289286817731596	0.0010353498003254
Visa_fechaalta	0.0007966704937752	0.00192585463178411	0.00325395651530839
lag_3_cliente_edad	0.000792034041849511	0.00253635686525886	0.00392626158045475
lag_6_cextraccion_autoservicio	0.000791826375641992	0.000490068937175272	0.000887442685993196
avg_6_cliente_edad	0.000788018559572414	0.00331901397441845	0.00287746567882642
lag_3_mcomisiones	0.000786929633998882	0.00155296766431854	0.00302537279315862
Master_fultimo_cierre_slope_6	0.000785059074377463	0.00197395854007552	0.00414139920130158
mcomisiones_otras	0.000784143414120324	0.00154050137423326	0.00231272942410348
lag_3_mrentabilidad_annual	0.000783622168529694	0.00211719077966551	0.00314638770488497
mcomisiones_mantenimiento	0.000780990363026552	0.00115711904705662	0.000685751166449288
cmobile_app_trx	0.000779054754205393	0.00190276697619753	0.00243374433582983
mtransferencias_emitidas_slope_6	0.00077495198838482	0.00417733470611188	0.00231272942410348
Visa_Fvencimiento_slope_6	0.000774823963489155	0.00111785269656863	0.0021244840058625
lag_3_thomebanking	0.000769403285859856	0.00180923660425088	0.00411450699869573
lag_6_thomebanking	0.000767433799221978	0.00128745282014851	0.00352287854136693
delta_1_tcallcenter	0.000766281097835695	0.0013325596052789	0.000564736254722943
Master_fechaalta_slope_6	0.000761172556934419	0.00138204496418679	0.00328084871791424
lag_6_cpayroll_trx	0.000758287641031445	0.000610295282217323	0.00048405964690538
lag_1_Visa_Finiciomora	0.00075744865830636	0.00230298945221446	0.000591628457328798
lag_1_Visa_fechaalta	0.00075680910003806	0.00178310819243029	0.00324051041400546
delta_1_cprestamos_personales	0.000748691639882298	0.000957376906106031	0.000188245418240981
avg_6_mcomisiones_mantenimiento	0.000746182627372094	0.00140877429925214	0.00192279248631859
lag_6_chomebanking_transacciones	0.000743730691553482	0.00167929277626226	0.00328084871791424
avg_6_mcomisiones_otras	0.000742946092510451	0.00145694916226037	0.00203036129674201
mrentabilidad_annual	0.000736967969067109	0.00129860259949464	0.0016807626628659
Master_mpagominimo	0.000724278009254323	0.00160622985818772	0.00188245418240981
delta_1_mactivos_margen	0.000722741670269824	0.00219599832822277	0.00224549891758885
Master_mfinanciacion_limite	0.000720599370061401	0.00166121984019027	0.00334807922442888
avg_6_Visa_Fvencimiento	0.000717682917371359	0.00268513132069038	0.0033077409205201
delta_1_Visa_msaldopesos	0.000715516722705687	0.00188099947593506	0.00258165145016203
catm_trx	0.000714139139735802	8.82654504007718e-05	1.34461013029272e-05
lag_1_cliente_edad	0.000711782029412591	0.00250547665377239	0.00302537279315862
avg_6_ctransferencias_recibidas	0.000709388595085638	0.00151573466090791	0.000981565395113687
avg_6_Master_Fvencimiento	0.000705109175804009	0.00169152362106232	0.00406072259348402
delta_1_mrentabilidad_annual	0.00069695814326741	0.00306249957296392	0.00303881889446155
lag_6_mrentabilidad_annual	0.000695428956255913	0.00166895385335145	0.00348254023745815
avg_6_Visa_mconsumospesos	0.000690097734486187	0.00196745774741837	0.00416829140390744
lag_3_mcomisiones_otras	0.000680890772864792	0.00156990379572478	0.00276989686840301
mcomisiones_otras_slope_6	0.000678854221574387	0.00196347865073555	0.00247408263973861
avg_6_Visa_msaldopesos	0.000674643932399659	0.00157902665061878	0.0024202982345269
avg_6_Visa_fechaalta	0.00067319831495531	0.00171804317585675	0.00291780398273521
mcaja_ahorro_dolares_slope_6	0.000667083847638144	0.00157913919947996	0.000954673192507832
mcomisiones_slope_6	0.000659087445431853	0.00158635231734568	0.00252786704495032
ccaja_seguridad	0.000651617067567792	0.00248029440678929	0.000376490836481962
lag_3_ccaja_seguridad	0.000636658701478292	0.000897392899714636	0.000295814228664399
lag_6_mpayroll	0.00063662249430994	0.00202210154482369	0.00166731656156297
Master_fechaalta	0.000635463089441088	0.00179475699956217	0.00393970768175767
lag_1_mcuenta_debitos_automaticos	0.000632366992602124	0.00108046249175951	0.000873996584690269
lag_3_Visa_mpagominimo	0.000628654047387133	0.0013922845402994	0.00297158838794691
avg_6_Visa_cconsumos	0.000625344760927963	0.00177353575377017	0.00334807922442888
Visa_Finiciomora_slope_6	0.000619976020350186	0.00185442999287545	0.000618520659934652
lag_3_cprestamos_personales	0.000615355187506091	0.000594294305433894	0.000389936937784889
cproductos	0.000614690089944193	0.000772647626144518	0.000147907114332199
Master_Finiciomora	0.000613595919797737	0.00117510983979085	0.000215137620846835
lag_3_Visa_fechaalta	0.000610983869800716	0.00163236828624528	0.00334807922442888
lag_1_mcomisiones_mantenimiento	0.000610319904074482	0.00136351092440184	0.00121014911726345
lag_3_Visa_mconsumospesos	0.000607800972953953	0.00145009759741654	0.00357666294657864
lag_3_mcuentas_saldo	0.000607339391955442	0.00189273256727978	0.00233962162670934
lag_6_Visa_fechaalta	0.000604628627395417	0.00175607987396584	0.0036573395543962
delta_1_Visa_mpagospesos	0.000601884574166225	0.00210574764946065	0.00372457006091084
lag_6_mactivos_margen	0.000600439573341687	0.00100563541616191	0.00204380739804494
avg_6_Visa_mconsumosdolares	0.00059835377227426	0.00176710216929847	0.00375146226351669
lag_3_cdescubierto_preacordado	0.000596378547487463	0.00164450735376973	0.00151940944723078
avg_6_mautoservicio	0.000595133768331646	0.00102020621193425	0.00102190369902247
cextraccion_autoservicio_slope_6	0.000593157992651631	0.00048871037353282	0.00048405964690538
lag_1_Master_delinquency	0.000592211259389612	0.0010291922547162	0.000631966761237579
Visa_mconsumototal_slope_6	0.000591530601131856	0.00189875502727693	0.00333463312312595
lag_3_cliente_antiguedad	0.000589919143882118	0.00206155313197903	0.00310604940097619
mpasivos_margen_slope_6	0.000586465126415051	0.000945232588340321	0.00127737962377809
Visa_msaldodolares	0.000586217490391896	0.000318651414548106	0.000416829140390744
avg_6_Master_fechaalta	0.000571053703141585	0.00189006478206807	0.00434309072084549
mcuenta_debitos_automaticos_slope_6	0.00057031462062624	0.00206606275789516	0.000941227091204905
lag_6_mrentabilidad	0.000568963425042412	0.00123122322050331	0.00248752874104154
Master_msaldopesos	0.000565593830087481	0.00197067754707397	0.00239340603192104
ccallcenter_transacciones_slope_6	0.000561534213314099	0.00196490192487586	0.0012370413198693
lag_6_cliente_antiguedad	0.000561098457880055	0.00187298179682621	0.00387247717524304
lag_1_Master_fechaalta	0.000560459444024065	0.00178450924224837	0.00352287854136693
lag_1_Visa_msaldototal	0.000557890120217646	0.0014634365999349	0.00216482230977128
avg_6_mrentabilidad	0.000556593522013327	0.00189614236959845	0.00193623858762152
delta_1_Visa_msaldototal	0.000552451740290095	0.0013873061646879	0.00215137620846835
Visa_Fvencimiento	0.000551811771659142	0.00147037973816148	0.00297158838794691
Master_msaldototal	0.00054503801667006	0.00202574271457029	0.00213793010716543
Master_mpagospesos	0.00054250118104471	0.00108262464815398	0.00100845759771954
Visa_mconsumosdolares_slope_6	0.000530597505009261	0.00190117758034591	0.00412795309999866
lag_1_ccaja_ahorro	0.000529391248629097	0.00117450295267981	0.000403383039087816
lag_6_ccajas_transacciones	0.000517102703216835	0.000640124400500931	0.00141184063680736
mrentabilidad_annual_slope_6	0.000506282988303444	0.00413167794546623	0.00251442094364739
Master_madelantopesos	0.000505558272514983	0.000299073264890905	0.000779873875569779
delta_1_ccajas_transacciones	0.000504598387446316	0.00163311048175849	0.000631966761237579
lag_3_Master_fechaalta	0.000501556004449553	0.00181541825360195	0.00385903107394011
lag_1_Visa_madelantodolares	0.000501201373606757	0.000369544475278784	0.000793319976872706
lag_6_Visa_mpagominimo	0.000498492047549819	0.00121596372560807	0.00294469618534106
lag_6_mcaja_ahorro_dolares	0.000498362534201054	0.00234130968883818	0.00291780398273521
Master_cconsumos_slope_6	0.000497476483598313	0.00124738991121232	0.00204380739804494
avg_6_Master_mlimitecompra	0.000495859354341383	0.00136956011985084	0.00298503448924984
delta_1_Visa_Finiciomora	0.000493872472640204	0.00122689648648659	0.000268922026058544
Visa_mconsumosdolares	0.000493594200606371	0.00114923547847937	0.00266232805797959
lag_6_Visa_Fvencimiento	0.000493375277306583	0.00119816339429585	0.00293125008403813
avg_6_Master_mfinanciacion_limite	0.000491284074119675	0.00116388490043756	0.00289091178012935
avg_6_chomebanking_transacciones	0.000486946735239588	0.00141429403590537	0.00181522367589517
avg_6_Master_madelantopesos	0.000484627620519526	0.000705490184536146	0.00221860671498299
cpayroll_trx	0.000480926549431899	0.000797237487896558	0.000121014911726345
delta_1_ctarjeta_visa_transacciones	0.000478018585953258	0.00241879310616047	0.000847104382084415
lag_3_mrentabilidad	0.000477511142812267	0.00134319817424063	0.00240685213322397
avg_6_Master_Finiciomora	0.000476838742448247	0.00158408166446071	0.000416829140390744
cpagomiscuentas_slope_6	0.000476342186359244	0.00290231267320364	0.00106224200293125
lag_1_Visa_mconsumospesos	0.000474635334857725	0.00127936640365773	0.00289091178012935
mrentabilidad_slope_6	0.000472556084469326	0.00161827138846314	0.00252786704495032
lag_1_Master_msaldopesos	0.000472239032843382	0.00104461932405941	0.00137150233289858
lag_3_ccajas_transacciones	0.000468518433412704	0.000673431650699403	0.00125048742117223
mrentabilidad	0.000463923890985943	0.00167895925850923	0.00176143927068347
ctarjeta_master	0.000461936507436079	0.000371025502072948	0.000161353215635127
lag_1_Master_Fvencimiento	0.000460999435724972	0.00150943610448569	0.00367078565569913
Master_msaldototal_slope_6	0.000460320155279022	0.00106381644892617	0.00143873283941321
lag_6_Visa_msaldopesos	0.000458793202882688	0.000780303013119843	0.00251442094364739
delta_1_Visa_mconsumospesos	0.00045690858667025	0.00169769431117192	0.00314638770488497
avg_6_Visa_mfinanciacion_limite	0.000454763667607938	0.00119236223451646	0.00221860671498299
Visa_mpagosdolares	0.000454710308415273	0.000892640590316595	0.00158663995374541
cliente_edad	0.00045462464394251	0.00213926687177833	0.00146562504201907
avg_6_Master_mpagominimo	0.000454163462829288	0.00118603416460211	0.00232617552540641
avg_6_Master_msaldopesos	0.000453609235168876	0.00145504006239729	0.00211103790455957
lag_6_Master_Fvencimiento	0.000452636465982678	0.00150091962697057	0.00379180056742548
lag_1_mcomisiones_otras	0.000450988716443383	0.00124090718856028	0.00223205281628592
mplazo_fijo_dolares_slope_6	0.000450733483815607	0.00209193079852784	0.000605074558631725
lag_6_mttarjeta_visa_debitos_automaticos	0.000450026991139875	0.00132866226963472	0.00272955856449422
Master_mpagominimo_slope_6	0.000445013858094971	0.00133455872384164	0.00161353215635127
lag_3_Visa_status	0.000444923574126137	0.000129007985227393	0.000309260329967326
avg_6_cproductos	0.000444545995586542	0.00133175173077672	0.000618520659934652
delta_1_mplazo_fijo_dolares	0.000443365816769388	0.00294697856550126	0.000551290153420016
tcallcenter_slope_6	0.000438981949053933	0.000745661003770844	0.000376490836481962
lag_1_mcomisiones	0.000438434300940777	0.00138776861919108	0.00203036129674201
mcomisiones	0.000435958957723422	0.00128829438794653	0.00235306772801226
lag_6_Visa_mpagospesos	0.000435613421712748	0.00131876192027535	0.00356321684527571
lag_6_Master_fechaalta	0.000432920805280439	0.00114205850062387	0.0028640195775235
avg_6_Visa_mpagado	0.000430255136675086	0.0016269296989521	0.00166731656156297
lag_1_Visa_cconsumos	0.000428948036874562	0.00176191368209015	0.00224549891758885
Visa_mlimitecompra	0.000424467071852719	0.00114689180646231	0.00213793010716543
mtransferencias_recibidas_slope_6	0.000423265594984148	0.00134624028126486	0.00114291861074881
lag_3_mttarjeta_visa_debitos_automaticos	0.000420654735904435	0.00106779755905103	0.00190934638501566
lag_3_mactivos_margen	0.000419103044293426	0.00162962715057558	0.00189590028371274
delta_1_ccaja_ahorro	0.000418828568273771	0.00497725975682799	0.000860550483387342
lag_3_Visa_mconsumototal	0.000416633605247326	0.00118608755904599	0.00307915719837033
delta_1_Visa_cconsumos	0.000415260618223975	0.00138126084320333	0.00185556197980396
lag_3_Visa_cconsumos	0.000414341966662574	0.00123096753885128	0.00235306772801226
avg_6_Master_fultimo_cierre	0.000414250488398316	0.000997029684545372	0.00223205281628592
lag_3_Visa_msaldopesos	0.000414244631625896	0.00102362055086914	0.00211103790455957
delta_1_chomebanking_transacciones	0.000414237561550145	0.00333489885970218	0.00112947250944589
Visa_delinquency_slope_6	0.000412225567482354	0.00109282770195724	0.000631966761237579
lag_1_Visa_Fvencimiento	0.000411311471962391	0.00134827857274418	0.00285057347622057
lag_6_Master_mlimitecompra	0.000410642481881379	0.00131636778477434	0.00285057347622057
avg_6_Master_msaldototal	0.000409122547346577	0.00146465259149189	0.00224549891758885
lag_3_Master_Fvencimiento	0.000406232671617631	0.00141362427333225	0.00364389345309328
lag_3_Visa_Fvencimiento	0.000405271119896556	0.00131141150605203	0.00279678907100886
ctarjeta_debito_slope_6	0.000404593742423586	0.00535725414919568	0.0011832569146576
delta_1_Master_mfinanciacion_limite	0.00040166183760371	0.0009769049745784	0.00102190369902247
mcaja_ahorro_dolares	0.000398480888607125	0.00238565241094565	0.00110258030684003
lag_1_cliente_antiguedad	0.000395177451309502	0.0012996072051244	0.0019765768915303
Master_mpagospesos_slope_6	0.000394099221098456	0.00173228129493413	0.00251442094364739
lag_1_cproductos	0.000393581582164576	0.00103717269789068	0.000645412862540506
delta_1_mautoservicio	0.00038586779248822	0.000428612773329317	0.000349598633876108
lag_1_Master_mlimitecompra	0.000385541107174691	0.00130636523411666	0.00282368127361472
lag_6_ccaja_seguridad	0.000381516963287288	0.000378583326312633	0.000147907114332199
delta_1_Visa_delinquency	0.000380597540565058	0.00143321073162368	0.000699197267752215
cprestamos_personales	0.000380256122761244	6.30143640893138e-05	2.68922026058544e-05
lag_1_Master_mpagominimo	0.000376641862083059	0.000864397656571992	0.00141184063680736
avg_6_mtransferencias_emitidas	0.000373170881537166	0.00128768316811212	0.00162697825765419
delta_1_Visa_mconsumototal	0.000372607204633523	0.00139268980285411	0.00294469618534106
lag_3_Visa_msaldototal	0.000372584584114786	0.000816373572337018	0.00203036129674201
Visa_madelantodolares	0.000369268347596981	0.000440680452864601	0.00100845759771954
delta_1_mcomisiones	0.000368737290364527	0.00138358891741625	0.00174799316938054
Master_Fvencimiento	0.000368639114095827	0.00142494267207728	0.00338841752833766
lag_3_Master_mlimitecompra	0.000368275154829736	0.00126257141708691	0.00310604940097619
lag_6_mtransferencias_recibidas	0.000362492248757031	0.00110324137708949	0.0024202982345269
delta_1_mrentabilidad	0.000362380889437121	0.00134383006371418	0.00142528673811029
lag_3_mcaja_ahorro_dolares	0.00036175446079686	0.00129513219002201	0.0021244840058625
lag_6_Visa_cconsumos	0.000360882253599018	0.000879489729938909	0.00213793010716543
lag_3_mpasivos_margen	0.000359105006088958	0.00133618545757406	0.00196313079022737
lag_1_cprestamos_personales	0.000358040135685417	0.000546246187327523	0.000322706431270253
lag_6_Master_mfinanciacion_limite	0.000357541885133998	0.00125109622472911	0.00278334296970593
ccajas_transacciones	0.000355349707263626	0.00154109717466979	0.00119670301596052
mtarjeta_master_consumo_slope_6	0.000354246638154976	0.000717721437121937	0.000443721342996598
mautoservicio_slope_6	0.000354189066304332	0.000457885952231389	0.000605074558631725
avg_6_tcuentas	0.000353341786943043	0.00329008588418946	0.000712643369055143
lag_3_chomebanking_transacciones	0.000351866508955031	0.00123641463867155	0.0021244840058625
lag_3_Master_mfinanciacion_limite	0.000351493110060369	0.00107097293554879	0.00258165145016203
lag_1_Master_mfinanciacion_limite	0.00035129009945577	0.0010192975124106	0.0022723911201947
Master_msaldopesos_slope_6	0.000350551138077242	0.00123026533182611	0.00137150233289858
avg_6_catm_trx	0.000344546567291101	0.000403038440367878	0.000497505748208307
lag_6_mautoservicio	0.00034402332747157	0.00113609223859749	0.00236651382931519
ctransferencias_emitidas_slope_6	0.000343432898198831	0.00102603260345561	0.000833658280781487
lag_3_Visa_mlimitecompra	0.000342703910736435	0.000963240406128727	0.00205725349934786
lag_6_Visa_mconsumototal	0.000339101687454493	0.00108972131770749	0.00276989686840301
lag_6_mtarjeta_master_consumo	0.000332074332247881	0.000356937855929537	0.000914334888599051
lag_1_mrentabilidad	0.000329399545189996	0.00120141614813567	0.0016807626628659
mextraccion_autoservicio_slope_6	0.000329378576702089	0.000776606308054287	0.000806766078175633
lag_1_Visa_mconsumosdolares	0.000328141807331771	0.000982349780603944	0.00260854365276788
Master_mlimitecompra	0.000327323159368214	0.00127201377209951	0.00254131314625324
lag_3_mautoservicio	0.000327185534388606	0.00174417026237372	0.00173454706807761
delta_1_Master_madelantodolares	0.00032598164294554	0.000270443597355652	0.000551290153420016
lag_6_mtarjeta_visa_consumo	0.000325959599454125	0.000654979320979883	0.00165387046026005
lag_6_Visa_mpagosdolares	0.00032385606334361	0.000456779858928344	0.0013849484342015
chomebanking_transacciones	0.000321156247571376	0.00189134153369866	0.000914334888599051
lag_3_ctarjeta_visa	0.000320585183067491	6.21947657474326e-05	0.000201691519543908
lag_6_ctarjeta_visa_transacciones	0.000320454794961552	0.000966794258756127	0.00185556197980396
avg_6_ccajas_transacciones	0.000315812761877589	0.00189295644164495	0.00112947250944589
catm_trx_slope_6	0.000314120333905049	0.00128145597419246	0.00106224200293125
delta_1_Master_mpagominimo	0.000312675022867928	0.000908435686280144	0.0010891342055371
Master_madelantodolares	0.000311845754042171	0.000261335957966659	0.000658858963843434
lag_6_mtransferencias_emitidas	0.000310926300218443	0.000995093645337576	0.00194968468892445
avg_6_Master_delinquency	0.000310292557459784	0.000674259506702294	0.000537844052117089
mpagomiscuentas_slope_6	0.000309694338036185	0.00141739776954788	0.000672305065146361
avg_6_Visa_fultimo_cierre	0.000308395479361938	0.00141992629593317	0.0016807626628659
thomebanking_slope_6	0.000307765471132547	0.00208657504271084	0.000981565395113687
mtransferencias_emitidas	0.000306413679412704	0.00156907749440498	0.000954673192507832
numero_de_cliente_1	0.000305886869734121	0.00160679181240876	0.00165387046026005
lag_6_Visa_mconsumospesos	0.000302490550506378	0.00100863814637669	0.00248752874104154
mttarjeta_visa_debitos_automaticos	0.000301193197869585	0.000854874585471677	0.00122359521856638
lag_3_Visa_mpagospesos	0.000300743613776519	0.000926612556739789	0.00258165145016203
avg_6_mpagomiscuentas	0.000300742240377729	0.0005963123095732	0.000618520659934652
lag_6_cdescubierto_preacordado	0.000300346301886056	0.000987721592984014	0.00107568810423418
numero_de_cliente_2	0.000300330014640337	0.00144717999247267	0.00184211587850103
lag_1_mautoservicio	0.000299058026759584	0.000507292047788227	0.000685751166449288
delta_1_mttarjeta_visa_debitos_automaticos	0.000297736292757463	0.00135996841331503	0.000551290153420016
cliente_antiguedad	0.000295341734119462	0.000969614759723308	0.00143873283941321
avg_6_ccaja_ahorro	0.000295286931225507	0.000639418752783671	0.000134461013029272
lag_1_Visa_mlimitecompra	0.000295255594700299	0.00122237495832451	0.00184211587850103
lag_3_Visa_mfinanciacion_limite	0.000292544064001505	0.00105187806295356	0.00185556197980396
lag_6_Master_msaldototal	0.000292267762695191	0.00109555377504158	0.00165387046026005
lag_6_Visa_msaldototal	0.000291538872510303	0.000742585891589178	0.0019765768915303
avg_6_Visa_madelantopesos	0.000290154244372292	0.000351435628576042	0.00110258030684003
lag_1_Visa_msaldodolares	0.000284791903582381	0.000220147764311562	0.000268922026058544
avg_6_Master_madelantodolares	0.000282930948619405	0.00061597242416191	0.00188245418240981
lag_1_Visa_mfinanciacion_limite	0.000282676321449803	0.000748183311423764	0.00154630164983663
Visa_mlimitecompra_slope_6	0.000282635654932259	0.000915323289187767	0.00129082572508101
Master_mconsumospesos	0.000282217161736945	0.000427234304645973	0.000712643369055143
lag_1_mtransferencias_recibidas	0.00028203123672388	0.00154651825266324	0.00107568810423418
lag_6_Visa_mfinanciacion_limite	0.000281988063373242	0.00101171427802268	0.00201691519543908
numero_de_cliente_3	0.000281044826171032	0.00134341012087323	0.00169420876416883
chomebanking_transacciones_slope_6	0.000279563649738228	0.00207490342506476	0.00142528673811029
lag_6_Master_fultimo_cierre	0.000279132073116237	0.000973128139617114	0.00180177757459225
avg_6_Visa_mlimitecompra	0.000275172876657359	0.000946750468769734	0.00169420876416883
lag_3_Master_msaldototal	0.000274803450450562	0.000545006136412533	0.00150596334592785
lag_1_active_quarter	0.000273871602552828	0.000606518753095333	0.000672305065146361
delta_1_ccallcenter_transacciones	0.000272365843364981	0.00080200564996481	0.000255475924755617
lag_1_Visa_mpagosdolares	0.000268978722628063	0.000349641881101025	0.000873996584690269
avg_6_Master_cconsumos	0.000268129714897451	0.00124842222078504	0.00169420876416883
lag_6_mcuenta_debitos_automaticos	0.000267870362063808	0.000715407711869351	0.00141184063680736
avg_6_Master_mpagospesos	0.00026776297354205	0.000875198498767219	0.00157319385244248
delta_1_mpasivos_margen	0.000267440089537832	0.00107175144947848	0.0010891342055371
delta_1_Visa_mconsumosdolares	0.000265481535010884	0.000978950963013352	0.00204380739804494
delta_1_cpayroll_trx	0.000261213755382886	0.00166911444446881	0.000376490836481962
lag_6_Visa_mlimitecompra	0.000259308143667099	0.000991427651634727	0.00194968468892445
delta_1_ctarjeta_debito_transacciones	0.000254919165312361	0.00325081183674584	0.000645412862540506
lag_1_Master_status	0.000254457701214298	0.001379869758649	0.000537844052117089
Visa_fultimo_cierre	0.000254239401663608	0.000618548865370342	0.00111602640814296
lag_6_Visa_mconsumosdolares	0.000253068996370443	0.000930683940430384	0.00215137620846835
lag_6_Master_mpagominimo	0.000252950537864787	0.000885978492917056	0.00165387046026005
mtarjeta_master_consumo	0.000252559178345528	0.000594586025149709	0.000349598633876108
lag_6_mpagomiscuentas	0.000251783709481243	0.000829867890244873	0.00174799316938054
delta_1_Master_madelantopesos	0.000251533615127553	0.000185212913835993	0.000363044735179035
avg_6_cliente_antiguedad	0.00025054294938749	0.000727687975202435	0.0011832569146576
lag_3_cproductos	0.000249759259927672	0.000747525782422514	0.000699197267752215
avg_6_ccallcenter_transacciones	0.000248632501514973	0.000810391661533291	0.000699197267752215
lag_1_ccomisiones_otras	0.0002481441841002	0.000513198033986553	0.000376490836481962
ctarjeta_debito_transacciones_slope_6	0.000246875920051229	0.00175835506346704	0.000981565395113687
delta_1_Visa_mlimitecompra	0.000245565314817124	0.00174418930086994	0.00115636471205174
avg_6_mttarjeta_visa_debitos_automaticos	0.000240029071454891	0.000860886621446127	0.000927780989901978
lag_6_Visa_cadelantosefectivo	0.000237945628056999	0.0003418460374287	0.000927780989901978
numero_de_cliente	0.000237160752081671	0.00114242092019043	0.00150596334592785
Visa_mfinanciacion_limite_slope_6	0.000236753516185793	0.0008218931560706	0.00121014911726345
Master_mfinanciacion_limite_slope_6	0.000236514622000094	0.000835921979122616	0.00173454706807761
lag_3_Visa_mconsumosdolares	0.000235715825365688	0.000806676478676894	0.00201691519543908
lag_3_Master_mpagominimo	0.000233613772321123	0.000660433964836137	0.0011832569146576
mprestamos_prendarios	0.000233540325468878	0.00106298331719541	0.000161353215635127
lag_3_mtarjeta_visa_consumo	0.00023338453125905	0.000912888629979953	0.00162697825765419
delta_1_mcomisiones_otras	0.000233139154168222	0.00201455167240572	0.00158663995374541
Master_mconsumospesos_slope_6	0.000228821117106881	0.000820049633250048	0.00114291861074881
lag_3_Master_msaldopesos	0.000227792675629255	0.00053533735837396	0.00145217894071614
lag_1_chomebanking_transacciones	0.000227400055100114	0.00127316867225698	0.00129082572508101
lag_6_ccomisiones_otras	0.000227118659205519	0.000774436301784532	0.000873996584690269
avg_6_Master_mconsumototal	0.000227054914837922	0.000814844656206316	0.00143873283941321
delta_1_mtransferencias_emitidas	0.00022704729643689	0.00236818493473465	0.000699197267752215
Visa_mpagado	0.000225903518597376	0.00103577083250114	0.000685751166449288
avg_6_Visa_mpagosdolares	0.000225408163581019	0.000729791028152826	0.0016807626628659
lag_3_mtransferencias_recibidas	0.000222769253565441	0.0007708064226053	0.00139839453550443
lag_3_mtransferencias_emitidas	0.000222355844822767	0.0021136128676801	0.00142528673811029
ccajas_transacciones_slope_6	0.000221355545567304	0.000707214251624737	0.000510951849511234
cplazo_fijo_slope_6	0.000218454556543659	0.00132735753370849	0.000322706431270253
delta_1_Visa_fechaalta	0.000217949450626368	0.000953678901223464	0.000766427774266851
lag_3_mcuenta_debitos_automaticos	0.00021637611110085	0.00076750251714311	0.000873996584690269
lag_1_Visa_madelantopesos	0.000216353469068077	0.000286355167118019	0.000645412862540506
delta_1_Visa_mpagado	0.000214922619118453	0.000621051115062722	0.000537844052117089
lag_6_mextraccion_autoservicio	0.000214627296863588	0.00063636887234398	0.00126393352247516
lag_6_tcallcenter	0.000209646956044979	0.00089930615389483	0.00129082572508101
lag_3_mcuenta_corriente_adicional	0.000208130999277824	1.26039942286172e-05	2.68922026058544e-05
ctransferencias_recibidas_slope_6	0.000208019047891107	0.000819296376548938	0.000712643369055143
Master_fultimo_cierre	0.000207932671710964	0.000709446598137798	0.00169420876416883
avg_6_mtransferencias_recibidas	0.000207617652948799	0.00133351316123273	0.00102190369902247
lag_1_mtransferencias_emitidas	0.000206769212098364	0.000860419655813316	0.000954673192507832
Visa_madelantopesos_slope_6	0.000206632018912906	0.000419436498504828	0.00119670301596052
delta_1_Visa_madelantopesos	0.000204928416496348	0.000325288764451222	0.000779873875569779
delta_1_Visa_mfinanciacion_limite	0.000203327432681691	0.000617335677340244	0.000927780989901978
lag_3_ctarjeta_visa_transacciones	0.000202605941345374	0.000583183265732011	0.00112947250944589
lag_3_Visa_madelantodolares	0.000201789137374808	0.000295000250057395	0.000847104382084415
lag_6_Visa_fultimo_cierre	0.000200466827678624	0.000780052352329608	0.00147907114332199
delta_1_Master_msaldopesos	0.00020043525619239	0.000628363681673079	0.0010353498003254
ccajas_depositos_slope_6	0.000195985771286354	0.00259736387861103	0.000591628457328798
lag_6_Master_msaldopesos	0.000195279176783379	0.000894601988699408	0.00189590028371274
lag_6_internet	0.000191356243805684	0.000408306700659415	0.00100845759771954
lag_3_ctarjeta_debito_transacciones	0.000189455848631139	0.000832480649869786	0.000914334888599051
Master_mconsumosdolares_slope_6	0.000187867790299484	0.000587914829031093	0.00151940944723078
delta_1_Visa_madelantodolares	0.000187150610998272	0.000273593461758748	0.000658858963843434
lag_3_matm	0.000185887754367795	0.000328353962342354	0.000766427774266851
delta_1_thomebanking	0.000184864401452912	0.000771360144651936	0.000551290153420016
avg_6_ctransferencias_emitidas	0.000184816322906674	0.000628428825443272	0.000806766078175633
avg_6_Master_mpagosdolares	0.000181602250082801	0.000623636756936663	0.0015328555485337
delta_1_Visa_fultimo_cierre	0.000178960754858515	0.000449097379688655	0.000631966761237579
Master_mlimitecompra_slope_6	0.000178648131249235	0.000702433779524794	0.00145217894071614
lag_6_ctarjeta_master_transacciones	0.000177409366089712	0.000245889722694188	0.000551290153420016
lag_1_mcaja_ahorro_dolares	0.000176334354432248	0.000979963928250558	0.000927780989901978
lag_1_ctarjeta_visa_transacciones	0.000175919199393912	0.000850527691547992	0.000900888787296123
Visa_madelantodolares_slope_6	0.000173121647925811	0.00018874673398946	0.000631966761237579
lag_1_Visa_cadelantosefectivo	0.000172592617699908	0.000291602681310598	0.000779873875569779
avg_6_Master_mconsumospesos	0.000172571003869081	0.000697325931944365	0.00133116402898979
lag_3_Visa_delinquency	0.000172498041677832	0.000489422290955662	0.000363044735179035
lag_6_cprestamos_personales	0.000171409148833892	0.0013805236685519	0.000591628457328798
lag_1_ccajas_transacciones	0.000171163171781831	0.000653707004019094	0.000833658280781487
lag_1_mttarjeta_visa_debitos_automaticos	0.000170961693754058	0.000624047473625494	0.0010353498003254
avg_6_internet	0.000170578015590016	0.000164883189593815	0.000215137620846835
lag_6_active_quarter	0.000170434644282801	0.000591134220900967	0.00112947250944589
Visa_msaldodolares_slope_6	0.000169581071605682	0.00139257225861775	0.00072608947035807
Master_mconsumototal_slope_6	0.000168330323971734	0.000876602046272891	0.00106224200293125
lag_1_Master_mpagospesos	0.000167763058852511	0.000540094816066828	0.000779873875569779
Visa_mpagado_slope_6	0.000166875277942209	0.00128500037128827	0.000860550483387342
lag_3_active_quarter	0.000166456184598477	0.000666305697033235	0.00104879590162832
delta_1_Master_msaldototal	0.00016523360644949	0.000473763115072879	0.000847104382084415
lag_3_cseguro_vivienda	0.000164410525356465	0.000125722837908733	0.000147907114332199
delta_1_Master_mconsumototal	0.000163927189122428	0.000433555136363635	0.000779873875569779
lag_3_Master_fultimo_cierre	0.000162613651826014	0.000562017453312538	0.00133116402898979
lag_6_Visa_madelantodolares	0.000162199431496604	0.000354441493643618	0.0010353498003254
avg_6_Master_cadelantosefectivo	0.000162098753324374	0.000587189046893468	0.00177488537198639
Master_madelantopesos_slope_6	0.000161750752387094	0.000564026511652417	0.00169420876416883
avg_6_ccuenta_debitos_automaticos	0.000161541604928899	0.000221921147986742	0.000228583722149763
Master_mpagosdolares_slope_6	0.000160194872733699	0.000580342528398032	0.00146562504201907
delta_1_Master_fechaalta	0.00015968746867627	0.000574266419090928	0.000887442685993196
lag_3_Visa_fultimo_cierre	0.00015881269489412	0.000562201619542355	0.0011832569146576
lag_1_mpagomiscuentas	0.000152975572190741	0.000551973665323022	0.000658858963843434
lag_1_Visa_fultimo_cierre	0.000152916904597895	0.000746551454883122	0.00104879590162832
ctarjeta_master_transacciones_slope_6	0.000150671028667158	0.000858014408151199	0.000416829140390744
lag_6_cproductos	0.00015050734597751	0.00098639741077583	0.00104879590162832
cplazo_fijo	0.000150285379172016	0.000442909715498088	6.72305065146361e-05
avg_6_Master_mconsumosdolares	0.000150119118264806	0.000497291383139541	0.00137150233289858
Master_cadelantosefectivo	0.000147786175470734	0.000334965010065956	0.000685751166449288
lag_6_ccomisiones_mantenimiento	0.000146401287560585	0.000956357951515932	0.000658858963843434
delta_1_Master_fultimo_cierre	0.000145118913972218	0.000495384475124754	0.00096811929381076
avg_6_Master_mpagado	0.000144973067309641	0.000640439236570253	0.000793319976872706
Master_mpagosdolares	0.000143703459524496	0.000376417168520694	0.000752981672963924
lag_3_mpagomiscuentas	0.000143366070861524	0.000513495284296316	0.00110258030684003
lag_6_Visa_status	0.000142780076801553	9.98386897397597e-05	0.000255475924755617
delta_1_Visa_mpagosdolares	0.000142572998626885	0.000412945441731956	0.000887442685993196
lag_3_ccomisiones_mantenimiento	0.000141551195033172	0.000474801949217262	0.000309260329967326
lag_3_ccomisiones_otras	0.00014133434123434	0.000401933646881845	0.000658858963843434
avg_6_Visa_cadelantosefectivo	0.00013694528769703	0.000332157838594788	0.000995011496416614
Master_cadelantosefectivo_slope_6	0.000136911944189111	0.00032148748783281	0.000887442685993196
avg_6_mcaja_ahorro_dolares	0.000136711251320646	0.000844380041332073	0.000847104382084415
lag_6_Master_delinquency	0.000136650974389701	0.000172470756705102	0.000605074558631725
lag_6_ccaja_ahorro	0.000134686430227669	0.000584716336179826	0.00033615253257318
lag_3_catm_trx	0.000134499544226303	0.000101966337266925	0.000147907114332199
lag_6_ctarjeta_debito_transacciones	0.000133598430978372	0.000466198689801708	0.00102190369902247
lag_6_mpagodeservicios	0.000131327479410086	0.000189720908609204	0.000282368127361472
delta_1_Master_Fvencimiento	0.000130565006845127	0.000454011911346975	0.000510951849511234
ccajas_otras_slope_6	0.000129879869540664	0.000909798225833453	0.000295814228664399
Master_msaldodolares_slope_6	0.000129815078457478	0.000403018866652891	0.000712643369055143
delta_1_mtarjeta_master_consumo	0.000129587048997756	0.00144783033425044	0.000416829140390744
lag_6_cpagodeservicios	0.000129210770293615	3.34213537427409e-05	0.000121014911726345
avg_6_Visa_msaldodolares	0.000129128574959787	0.000841046138132201	0.000672305065146361
Visa_mpagosdolares_slope_6	0.000129100736715184	0.000534314453359612	0.00082021217947856
catm_trx_other_slope_6	0.000128202179210915	0.00164379752624874	0.000658858963843434
lag_3_tcallcenter	0.000127957183637177	0.000536532603831986	0.000752981672963924
avg_6_ccajas_consultas	0.000127352390714975	0.000866194589873016	0.00024202982345269
lag_1_mprestamos_prendarios	0.000127092838412766	0.00107121722468701	0.000228583722149763
avg_6_cpagomiscuentas	0.000126051149307343	0.000359583110979722	0.000282368127361472
lag_1_Master_fultimo_cierre	0.000124561191040763	0.000462679881260386	0.000995011496416614
lag_6_matm	0.000123934662179156	0.000475882071666697	0.000927780989901978
lag_6_ctransferencias_recibidas	0.000122562754921926	0.000487873750136757	0.000618520659934652
Master_mconsumototal	0.000121910699449573	0.000426115748391589	0.000605074558631725
avg_6_mcuenta_debitos_automaticos	0.000121055953453561	0.000681353933434296	0.00057818235602587
delta_1_Master_mlimitecompra	0.000120943316993362	0.000421460262617555	0.000739535571660997
avg_6_active_quarter	0.000119456128077731	0.000317118726399411	0.000403383039087816
lag_1_tcallcenter	0.000119191565837272	0.000610181408052526	0.000605074558631725
avg_6_ctarjeta_visa_debitos_automaticos	0.000117629763316036	0.000704215140508295	0.00057818235602587
lag_3_ccaja_ahorro	0.000117582206887729	0.00109806298257796	0.000457167444299525
delta_1_mextraccion_autoservicio	0.000116798295310488	0.00122104529649559	0.000443721342996598
avg_6_mforex_sell	0.000115834931013102	0.00201445074543781	0.00057818235602587
ccajas_extracciones_slope_6	0.000114027882441043	0.00130954387290025	0.000470613545602453
lag_6_Visa_madelantopesos	0.000111608934133978	0.000328965131203549	0.00100845759771954
lag_6_Visa_mpagado	0.000110601312463275	0.000385347089791709	0.000752981672963924
delta_1_ccajas_consultas	0.000108133083288983	0.000898391490504898	0.000174799316938054
minversion2	0.000107891773920842	0.00159728143363926	0.000255475924755617
lag_1_mtarjeta_master_consumo	0.00010649908374424	0.000163937840327783	0.000282368127361472
lag_3_Visa_mpagosdolares	0.00010645071095591	0.000221024758494786	0.000793319976872706
lag_3_ctarjeta_debito	0.000105601043881743	0.00108748005088161	0.000591628457328798
lag_3_Visa_Finiciomora	0.000102927473018463	0.00132879214938938	0.000255475924755617
avg_6_mcheques_emitidos_rechazados	0.000102322357197096	0.00185066302123148	0.000282368127361472
lag_6_ctransferencias_emitidas	9.81638370233905e-05	0.000240430491248484	0.000443721342996598
delta_1_Visa_msaldodolares	9.73777539316552e-05	0.000159837784203124	0.000349598633876108
Master_madelantodolares_slope_6	9.73292513875331e-05	0.000288882928905064	0.000941227091204905
lag_3_Master_mconsumospesos	9.72839143992146e-05	0.00053131167217161	0.000699197267752215
lag_3_Visa_cadelantosefectivo	9.64213313833977e-05	0.00022617096342034	0.000658858963843434
avg_6_mprestamos_prendarios	9.62735265080177e-05	0.00122075217501633	0.000188245418240981
lag_3_Visa_msaldodolares	9.41055718774566e-05	0.000391693051304916	0.000470613545602453
Master_cconsumos	9.29299624265526e-05	0.000323413867616153	0.000631966761237579
lag_1_Master_mconsumototal	9.25977118623009e-05	0.000417547048816558	0.000712643369055143
matm	9.21216668698547e-05	0.000182390679779464	0.000228583722149763
lag_6_matm_other	9.20680033029191e-05	0.000524002903065853	0.000685751166449288
lag_3_Master_mconsumototal	9.20173164595623e-05	0.000487600457238567	0.000685751166449288
delta_1_Visa_Fvencimiento	9.17548083999148e-05	0.00058104715665097	0.000430275241693671
lag_1_Master_mconsumospesos	9.07757741976453e-05	0.000416253425051434	0.000645412862540506
lag_3_mcheques_emitidos_rechazados	9.02597669311369e-05	2.8714486966865e-05	5.37844052117089e-05
delta_1_Master_mpagospesos	9.00691620611909e-05	0.00056001823280337	0.000658858963843434
delta_1_Master_cconsumos	8.93836478997224e-05	0.00051008525259818	0.000605074558631725
lag_6_minversion1_pesos	8.91716398541627e-05	0.00022594278181841	0.000349598633876108
lag_6_cseguro_vida	8.90164540198077e-05	0.000446320129495345	0.000537844052117089
lag_6_ctarjeta_debito	8.83220554757845e-05	0.000479544089458689	0.000591628457328798
matm_other_slope_6	8.80458075466358e-05	0.00102775684895046	0.000416829140390744
avg_6_Visa_madelantodolares	8.78220366254596e-05	0.00027663322401504	0.000847104382084415
lag_1_Master_mconsumosdolares	8.76908413039745e-05	0.000170257091875746	0.000430275241693671
lag_6_Master_msaldodolares	8.58432396230813e-05	0.000187136744958531	0.000591628457328798
lag_3_cseguro_accidentes_personales	8.50197605764674e-05	0.000404906048033043	0.000497505748208307
ctarjeta_master_debitos_automaticos_slope_6	8.39814271622006e-05	0.00131937079534182	0.000322706431270253
delta_1_Master_mpagosdolares	8.35722730106151e-05	0.000124645238633496	0.000295814228664399
lag_6_catm_trx	8.30156865883693e-05	0.000275238520362364	0.000524397950814162
lag_3_Visa_mpagado	8.29442237567412e-05	0.000302226340606616	0.000658858963843434
ccajas_consultas	8.17962350409242e-05	0.00106030959360403	0.000174799316938054
active_quarter_slope_6	8.15554150957718e-05	0.0006832969559727	0.000363044735179035
lag_6_ctarjeta_visa_debitos_automaticos	8.12655516434326e-05	0.000354720954300958	0.000564736254722943
lag_6_Master_mpagado	8.10765857280687e-05	0.000204875322219428	0.000645412862540506
delta_1_matm	7.97706393917157e-05	0.000506214040727261	0.000322706431270253
lag_3_cextraccion_autoservicio	7.78400155325964e-05	0.000202067003850898	0.000295814228664399
lag_3_Master_delinquency	7.78240595754981e-05	0.00052841601119727	0.000430275241693671
Visa_cadelantosefectivo_slope_6	7.75534993095612e-05	0.000182776394105791	0.000524397950814162
lag_1_Visa_status	7.71935398266876e-05	0.000374941417454398	0.000268922026058544
lag_6_mforex_sell	7.64135558115377e-05	0.000276711748254462	0.000497505748208307
lag_6_Visa_msaldodolares	7.64128221570853e-05	0.000379205301495644	0.000605074558631725
lag_3_cseguro_vida	7.60636573821774e-05	0.000605450660324901	0.000295814228664399
avg_6_ctarjeta_master_transacciones	7.54313295643584e-05	0.000310111514840179	0.000255475924755617
lag_6_mttarjeta_master_debitos_automaticos	7.46693008298708e-05	0.000410556683905251	0.000631966761237579
lag_3_mtarjeta_master_consumo	7.45973090561736e-05	0.000305731284433155	0.000551290153420016
delta_1_mpagomiscuentas	7.42673998774132e-05	0.000604998094625642	0.000322706431270253
lag_1_mplazo_fijo_dolares	7.40894375598427e-05	0.00028402194461027	0.000107568810423418
lag_1_Master_madelantodolares	7.39863395271494e-05	0.000177828831803429	0.000457167444299525
avg_6_tcallcenter	7.38124470017475e-05	0.000342406233073782	0.000349598633876108
lag_3_Visa_madelantopesos	7.28906818256958e-05	0.000241076194463596	0.000672305065146361
avg_6_matm_other	7.27468665565868e-05	0.000373865500295293	0.000309260329967326
lag_6_cseguro_accidentes_personales	7.24342390027033e-05	0.000380374601586669	0.000537844052117089
lag_6_mplazo_fijo_dolares	7.14778560372801e-05	0.000371187265574283	0.00048405964690538
delta_1_mtransferencias_recibidas	7.12971521996184e-05	0.000439426027502668	0.000470613545602453
Master_mpagado_slope_6	7.08791342924658e-05	0.000487991396319546	0.000363044735179035
lag_1_Visa_mpagado	7.07938148316037e-05	0.000303297848582528	0.000430275241693671
lag_3_Master_mconsumosdolares	7.00850468997163e-05	0.000288152125905651	0.000699197267752215
mforex_sell_slope_6	6.93725621224227e-05	0.000847098748786677	0.000403383039087816
lag_3_ctarjeta_master_transacciones	6.85932244333168e-05	0.000168640170487425	0.000161353215635127
lag_6_ctarjeta_master	6.80613615204806e-05	0.000120299083821444	0.000268922026058544
lag_1_ccajas_depositos	6.66195685163302e-05	0.000858212566528838	0.000201691519543908
mtarjeta_visa_descuentos	6.65822675136858e-05	0.00141429426528484	0.000215137620846835
lag_6_Master_mpagospesos	6.64444075502242e-05	0.000330556336604341	0.000510951849511234
lag_6_Master_madelantopesos	6.63067943546946e-05	0.000300269325920389	0.00057818235602587
lag_1_cplazo_fijo	6.62640208516807e-05	7.52946783956134e-05	5.37844052117089e-05
lag_1_Master_Finiciomora	6.56549828842249e-05	0.000312280323239356	6.72305065146361e-05
delta_1_Master_mconsumospesos	6.54433624102804e-05	0.00019272901649829	0.00048405964690538
lag_6_ccallcenter_transacciones	6.45772170797652e-05	0.000215782239677387	0.00024202982345269
avg_6_mcheques_emitidos	6.36667133662442e-05	0.000925789441245996	0.000188245418240981
lag_1_cseguro_accidentes_personales	6.35157713927182e-05	0.000546657541181555	0.00033615253257318
avg_6_cinversion1	6.34850108343631e-05	0.000666696814520471	0.000121014911726345
lag_6_Master_status	6.34703807772323e-05	0.000198473697954227	0.000510951849511234
lag_1_ctarjeta_visa	6.21885429027167e-05	6.97226687092593e-05	6.72305065146361e-05
lag_6_Master_madelantodolares	6.19728839638464e-05	0.000192033155638523	0.000376490836481962
lag_1_Master_mpagosdolares	6.13584644201683e-05	0.00020695082414651	0.000591628457328798
cliente_edad_slope_6	6.11618297347512e-05	0.000529654940701505	0.000443721342996598
Master_msaldodolares	6.07183616772716e-05	0.000185884231092202	0.000322706431270253
lag_1_ctarjeta_master	6.04181058625792e-05	6.39414139707612e-05	0.000134461013029272
lag_1_minversion1_pesos	5.97855230282507e-05	0.000298010243955476	0.000134461013029272
lag_1_minversion2	5.93696418855164e-05	0.000746671012561515	0.000147907114332199
lag_3_Master_mpagado	5.93627135135043e-05	0.000165368913370156	0.000497505748208307
ccomisiones_mantenimiento	5.9073829621972e-05	0.000955038535303454	0.000147907114332199
Master_mconsumosdolares	5.90506331480885e-05	0.000239492915397909	0.000564736254722943
avg_6_Master_msaldodolares	5.89610787695851e-05	0.000241151176064498	0.000470613545602453
lag_6_Master_cconsumos	5.86871723276733e-05	0.000318941452147789	0.000551290153420016
lag_3_Master_cconsumos	5.86189928616495e-05	0.000386137990212919	0.00048405964690538
avg_6_ctarjeta_debito	5.84980136452647e-05	0.000561301636438663	0.000215137620846835
lag_3_Master_mpagospesos	5.84875784218758e-05	0.000335866191040226	0.000497505748208307
lag_1_mcheques_depositados	5.79428682241335e-05	0.00118059256988918	0.000215137620846835
lag_1_Master_cconsumos	5.78596442632792e-05	0.000373710898530822	0.000510951849511234
lag_3_Master_madelantodolares	5.63346678087231e-05	0.000174709780709474	0.000551290153420016
lag_1_ccomisiones_mantenimiento	5.60074510460054e-05	0.000124468871305745	0.000147907114332199
lag_1_cseguro_vida	5.56723274096678e-05	0.000718987356944104	0.000215137620846835
avg_6_ccomisiones_mantenimiento	5.55605464600711e-05	0.000127746143262515	0.000121014911726345
delta_1_Master_mpagado	5.45005408088588e-05	0.000175846738294875	0.000322706431270253
lag_3_Master_madelantopesos	5.44633844599269e-05	0.000141699220115388	0.000470613545602453
lag_6_tcuentas	5.41319534965612e-05	0.000472498495067723	0.000295814228664399
lag_1_Master_madelantopesos	5.39923008625879e-05	0.000152756228208191	0.000443721342996598
delta_1_ctarjeta_master_transacciones	5.31730748286999e-05	0.000561481877730839	0.000134461013029272
lag_3_Master_status	5.25842346436049e-05	0.00014512727084542	0.00033615253257318
lag_6_Master_mconsumospesos	5.25823870926925e-05	0.000261970243181362	0.000443721342996598
cinversion1	5.14696847203979e-05	0.000265745829298853	4.03383039087817e-05
lag_3_mforex_sell	5.10130772402239e-05	0.000265956221248359	0.000295814228664399
delta_1_Master_msaldodolares	5.06750928065081e-05	0.000102934140234655	0.000295814228664399
lag_6_Master_cadelantosefectivo	5.01479301552059e-05	0.000203519867943159	0.00048405964690538
lag_1_matm_other	4.99971869719406e-05	0.000286383100440449	0.000161353215635127
lag_3_mttarjeta_master_debitos_automaticos	4.99198173005201e-05	0.00021917277412036	0.000389936937784889
Master_delinquency_slope_6	4.9645443610968e-05	7.38960752919044e-05	0.000215137620846835
avg_6_ccajas_depositos	4.88404490740608e-05	0.00108874737246722	0.000188245418240981
delta_1_cextraccion_autoservicio	4.8776702700247e-05	0.000486315957679127	0.000147907114332199
lag_3_ccajas_depositos	4.8687543147304e-05	1.04184921011636e-05	2.68922026058544e-05
lag_6_Master_mconsumosdolares	4.8348468990867e-05	0.00016519575735502	0.000430275241693671
lag_6_minversion2	4.79386081578797e-05	6.54838889769492e-05	0.000188245418240981
lag_6_Master_mconsumototal	4.69261496187187e-05	0.000206557642244022	0.000416829140390744
delta_1_Master_delinquency	4.6897263594762e-05	0.000155613276971326	0.000295814228664399
delta_1_Master_mconsumosdolares	4.68297383432651e-05	0.000151387469922516	0.000363044735179035
lag_3_matm_other	4.59372154772791e-05	0.000170142147273411	0.000309260329967326
lag_1_Master_cadelantosefectivo	4.58059262440893e-05	0.000113016565921985	0.000322706431270253
lag_3_mcheques_emitidos	4.52530975657672e-05	0.000128130430338791	0.000147907114332199
lag_1_Master_mpagado	4.44144990181626e-05	8.89008825128367e-05	0.000188245418240981
lag_1_ccuenta_debitos_automaticos	4.39021814674781e-05	0.000114600991885034	5.37844052117089e-05
lag_3_mcajeros_propios_descuentos	4.3780423797219e-05	0.000132201712082954	0.000161353215635127
lag_6_catm_trx_other	4.3633973620573e-05	0.000228954228453151	0.000201691519543908
lag_6_Master_mpagosdolares	4.32551580200223e-05	0.000137831601856205	0.000457167444299525
lag_3_tcuentas	4.30911840923897e-05	5.57603147310543e-05	0.000107568810423418
lag_6_cpagomiscuentas	4.28345579161364e-05	0.000216916138869821	0.000295814228664399
lag_3_Master_msaldodolares	4.21391462430463e-05	0.000129994291472572	0.000416829140390744
avg_6_mcheques_depositados	4.20476404260354e-05	0.000509409194832873	9.41227091204905e-05
Master_mpagado	4.16993884145665e-05	0.000123558387719534	0.000322706431270253
lag_1_cinversion1	4.14779094902222e-05	0.000299929309082307	5.37844052117089e-05
lag_1_ctarjeta_debito	4.07567687384216e-05	0.000286053176299158	0.000174799316938054
lag_6_mtarjeta_visa_descuentos	4.03920057424009e-05	0.00013034590471732	0.000282368127361472
lag_3_Master_mpagosdolares	4.03674246736632e-05	0.000155841738925944	0.000470613545602453
delta_1_mcuenta_debitos_automaticos	4.02384383615181e-05	0.000537090174356438	0.000121014911726345
lag_1_Master_msaldodolares	4.00367807290741e-05	7.75244252746531e-05	0.000201691519543908
lag_6_ccuenta_debitos_automaticos	3.96433494918914e-05	0.000175982632889032	0.000268922026058544
ccuenta_debitos_automaticos	3.96374753516072e-05	8.85819430996176e-05	1.34461013029272e-05
avg_6_mplazo_fijo_dolares	3.94010784127944e-05	0.000344417355828913	9.41227091204905e-05
lag_1_cextraccion_autoservicio	3.84745679691055e-05	0.000178837387857442	9.41227091204905e-05
lag_3_ctarjeta_visa_debitos_automaticos	3.82437117785588e-05	0.000290136615155363	0.000309260329967326
ccomisiones_otras	3.80838425001342e-05	0.000199674270113337	5.37844052117089e-05
lag_3_mplazo_fijo_dolares	3.80758208469097e-05	0.000174395836671434	0.00024202982345269
lag_3_Master_cadelantosefectivo	3.80391378738409e-05	0.000152373495815007	0.000389936937784889
delta_1_Master_cadelantosefectivo	3.71403186553106e-05	0.000119573556549899	0.000349598633876108
lag_3_ctransferencias_emitidas	3.69303119507634e-05	0.000178532338645613	0.000228583722149763
lag_6_ccheques_emitidos	3.65625062229776e-05	7.48776665145928e-05	9.41227091204905e-05
lag_6_mcheques_depositados	3.58084110090523e-05	0.000111398879935423	0.000228583722149763
avg_6_minversion2	3.53243081366886e-05	0.000532010820803816	9.41227091204905e-05
avg_6_mtarjeta_master_consumo	3.50618416492976e-05	0.000130916702791353	0.000215137620846835
lag_6_ctarjeta_visa	3.49531869020872e-05	0.000206193795427407	0.000255475924755617
lag_6_ccajas_extracciones	3.39822597516142e-05	4.94333152542423e-05	0.000147907114332199
mcheques_depositados_slope_6	3.33515867835366e-05	0.000659964960274681	0.000188245418240981
lag_6_Visa_delinquency	3.28962630734288e-05	8.64553914965986e-05	0.000255475924755617
lag_3_mprestamos_prendarios	3.28053595884555e-05	0.000132752656089312	0.000174799316938054
lag_6_cliente_vip	3.27285603557036e-05	1.65686145180635e-05	4.03383039087817e-05
delta_1_mtarjeta_visa_descuentos	3.23179807805337e-05	0.000616246711037814	0.000134461013029272
lag_1_cprestamos_prendarios	3.20512144878224e-05	3.14073764875076e-05	1.34461013029272e-05
cprestamos_prendarios	3.08770654871182e-05	0.000530572560537972	8.06766078175633e-05
ctarjeta_master_transacciones	3.0508592130024e-05	6.3944039091391e-05	2.68922026058544e-05
avg_6_minversion1_pesos	3.00775265607914e-05	0.000885819430996176	0.000134461013029272
Master_Finiciomora_slope_6	2.96337627921026e-05	0.000384839676911912	8.06766078175633e-05
cforex_slope_6	2.84236351700154e-05	0.000451655445052679	0.000161353215635127
mforex_buy_slope_6	2.83610012160443e-05	0.000711238638010076	0.000134461013029272
lag_6_mplazo_fijo_pesos	2.83247804920313e-05	2.3760425579449e-05	8.06766078175633e-05
cseguro_vida	2.81910954269994e-05	7.1330440405288e-05	1.34461013029272e-05
lag_3_ccajas_extracciones	2.80223752729719e-05	6.05236598303835e-05	6.72305065146361e-05
lag_3_ccajas_otras	2.79136438094907e-05	5.95272863750223e-06	1.34461013029272e-05
avg_6_cforex	2.74144817830864e-05	5.62705566243456e-05	4.03383039087817e-05
avg_6_catm_trx_other	2.73975467262981e-05	0.000118038115847535	0.000255475924755617
cpagomiscuentas	2.73184420073355e-05	0.000319968791831938	5.37844052117089e-05
lag_6_mforex_buy	2.72570840659718e-05	4.03281735528386e-05	0.000161353215635127
delta_1_ctarjeta_debito	2.64427153869774e-05	0.000450206531384666	0.000107568810423418
lag_6_cforex	2.63232919565295e-05	4.73405843801143e-05	0.000134461013029272
delta_1_cpagomiscuentas	2.6212361246324e-05	0.000481595455567941	0.000107568810423418
delta_1_ctransferencias_emitidas	2.61191831236589e-05	0.000295050305755618	0.000121014911726345
lag_3_ctransferencias_recibidas	2.54631152332862e-05	7.5944433981406e-05	0.000188245418240981
delta_1_minversion1_pesos	2.54574391632162e-05	0.000152301521633855	8.06766078175633e-05
avg_6_ccajas_otras	2.51424295803405e-05	0.000639308166391313	0.000134461013029272
lag_6_mprestamos_prendarios	2.50994001998919e-05	5.38225169473019e-05	0.000161353215635127
delta_1_ctarjeta_visa_debitos_automaticos	2.3921869171544e-05	7.57681431134791e-05	5.37844052117089e-05
lag_6_mcheques_emitidos	2.39118827093812e-05	4.51762616239556e-05	0.000147907114332199
lag_1_tcuentas	2.36692620006932e-05	0.000240118254813184	9.41227091204905e-05
lag_3_cprestamos_hipotecarios	2.26604523577569e-05	3.57500906074722e-05	2.68922026058544e-05
avg_6_ccheques_emitidos	2.24518495522132e-05	0.000347110219862948	8.06766078175633e-05
lag_3_cpagomiscuentas	2.20103098927277e-05	0.000241516654024028	0.000147907114332199
ccajas_extracciones	2.16435830765284e-05	0.000531491658597705	8.06766078175633e-05
minversion1_pesos	2.10531658902099e-05	8.85819430996176e-05	1.34461013029272e-05
delta_1_matm_other	2.0826248772065e-05	0.00036027843662072	9.41227091204905e-05
lag_3_ccuenta_debitos_automaticos	2.07945425107472e-05	9.11644501207674e-05	0.000121014911726345
lag_6_mcaja_ahorro_adicional	2.07350236558349e-05	0.000116257595922099	0.000188245418240981
lag_6_ccajas_consultas	1.99017398701272e-05	6.35437464252555e-05	0.000147907114332199
lag_6_ctarjeta_visa_descuentos	1.9794255256061e-05	2.4309763929499e-05	8.06766078175633e-05
cseguro_accidentes_personales	1.86863908665363e-05	0.00023973603215216	0.000134461013029272
lag_3_ccajas_consultas	1.79940502261739e-05	5.89695119577057e-05	0.000121014911726345
lag_3_mprestamos_hipotecarios	1.79890945523065e-05	3.3891785554248e-05	5.37844052117089e-05
lag_1_ctransferencias_emitidas	1.78956124238735e-05	0.000173487188121003	8.06766078175633e-05
avg_6_cplazo_fijo	1.78170488264641e-05	0.000356567051268923	6.72305065146361e-05
lag_6_minversion1_dolares	1.76730228067549e-05	2.44794282793311e-05	4.03383039087817e-05
lag_1_ctransferencias_recibidas	1.69335738366605e-05	6.75485590956069e-05	8.06766078175633e-05
avg_6_cseguro_accidentes_personales	1.67642008403689e-05	6.89419629312723e-05	6.72305065146361e-05
lag_6_mprestamos_hipotecarios	1.64105463348017e-05	5.88364973502587e-05	0.000107568810423418
lag_1_mprestamos_hipotecarios	1.60671636594368e-05	0.000327190498684574	8.06766078175633e-05
mttarjeta_master_debitos_automaticos_slope_6	1.59203591363727e-05	0.000396011425714186	9.41227091204905e-05
lag_6_ctarjeta_master_descuentos	1.58823585473373e-05	1.87500642748362e-05	5.37844052117089e-05
lag_3_mtarjeta_visa_descuentos	1.58203001569454e-05	6.51045972758522e-05	0.000147907114332199
lag_6_mtarjeta_master_descuentos	1.54495149988838e-05	4.03805485323947e-05	0.000107568810423418
delta_1_cinversion2	1.48897685633673e-05	2.99508423236862e-06	1.34461013029272e-05
lag_6_cprestamos_hipotecarios	1.47132777497556e-05	3.09693381548404e-05	4.03383039087817e-05
lag_3_ccallcenter_transacciones	1.44263779727592e-05	5.85436562236895e-05	8.06766078175633e-05
cseguro_vivienda	1.42251965102723e-05	0.000531491658597705	8.06766078175633e-05
ccheques_emitidos_slope_6	1.39366691148626e-05	5.92446653782837e-05	4.03383039087817e-05
avg_6_mforex_buy	1.37971562221099e-05	0.000457053228286358	8.06766078175633e-05
delta_1_ccajas_depositos	1.37712145078945e-05	0.00026074714086073	6.72305065146361e-05
delta_1_ccomisiones_otras	1.35195662721674e-05	7.34989429651679e-05	8.06766078175633e-05
lag_1_ccheques_depositados	1.32624051091058e-05	0.000238012627715379	4.03383039087817e-05
lag_6_cseguro_vivienda	1.30110240341526e-05	4.352478039511e-05	0.000121014911726345
ccheques_emitidos_rechazados_slope_6	1.29936581664307e-05	1.91341219716397e-05	4.03383039087817e-05
avg_6_mcheques_depositados_rechazados	1.29924670214914e-05	0.00035432777239847	5.37844052117089e-05
lag_1_ccajas_consultas	1.27767275313194e-05	2.01655904862946e-05	1.34461013029272e-05
lag_1_catm_trx_other	1.2584377325774e-05	0.000279382489912704	5.37844052117089e-05
lag_3_minversion2	1.25098436101234e-05	0.00010221307311952	8.06766078175633e-05
cforex_sell_slope_6	1.24421518817621e-05	0.000219415534062098	6.72305065146361e-05
mcheques_emitidos_slope_6	1.23731249156548e-05	0.000264170349135232	5.37844052117089e-05
delta_1_ctransferencias_recibidas	1.22534585946999e-05	0.000212552857057155	8.06766078175633e-05
delta_1_mcheques_depositados	1.22076017685974e-05	1.39874837737487e-05	4.03383039087817e-05
cforex_buy	1.21988038425094e-05	0.000442909715498088	6.72305065146361e-05
lag_6_mcuenta_corriente_adicional	1.21380122060684e-05	3.48731473974638e-05	5.37844052117089e-05
lag_3_cforex	1.20250130576071e-05	6.39229616665283e-05	6.72305065146361e-05
delta_1_ccajas_otras	1.20206525387911e-05	0.000131511152437663	4.03383039087817e-05
lag_6_cforex_sell	1.17305570488214e-05	3.40400666399207e-05	0.000107568810423418
avg_6_ctarjeta_visa_descuentos	1.16266550527762e-05	0.000334850141923445	5.37844052117089e-05
lag_1_mttarjeta_master_debitos_automaticos	1.15252945917014e-05	6.53821719241956e-05	6.72305065146361e-05
lag_6_cinversion2	1.14714728603961e-05	9.60915721634677e-05	4.03383039087817e-05
lag_6_cseguro_auto	1.14619646135402e-05	2.12527982127691e-05	6.72305065146361e-05
lag_3_ctarjeta_master	1.12591377271394e-05	6.28416158599068e-05	0.000121014911726345
avg_6_mtarjeta_master_descuentos	1.06825720071121e-05	0.000530873659325551	8.06766078175633e-05
ccheques_depositados_slope_6	1.06326075342163e-05	0.000256708125162367	5.37844052117089e-05
lag_1_cpagomiscuentas	1.04860027040799e-05	0.000106815623208621	5.37844052117089e-05
avg_6_ccheques_emitidos_rechazados	1.04645337942107e-05	0.000265745829298853	4.03383039087817e-05
avg_6_mcajeros_propios_descuentos	1.02343608965951e-05	0.000512074813682895	8.06766078175633e-05
lag_1_cseguro_vivienda	1.0209680453598e-05	4.99708533047621e-05	5.37844052117089e-05
lag_6_cinversion1	1.02076983791941e-05	5.22197661130603e-05	8.06766078175633e-05
lag_1_ctarjeta_visa_debitos_automaticos	9.78060930913401e-06	4.78194777454961e-05	5.37844052117089e-05
lag_6_ccajas_otras	9.70349511338308e-06	2.0336707572786e-05	4.03383039087817e-05
delta_1_mttarjeta_master_debitos_automaticos	9.57451134748978e-06	0.000146473651889222	4.03383039087817e-05
avg_6_ccheques_depositados_rechazados	9.47493587153786e-06	0.000177163886199235	2.68922026058544e-05
lag_6_mcajeros_propios_descuentos	9.40510714917813e-06	3.83476347273754e-05	0.000121014911726345
avg_6_ccajas_extracciones	9.05722835665354e-06	0.000133388521473714	5.37844052117089e-05
minversion2_slope_6	9.03991050508358e-06	8.48769039132268e-05	2.68922026058544e-05
lag_3_ccajeros_propios_descuentos	8.79673189592998e-06	4.12554528137585e-05	5.37844052117089e-05
lag_3_ctarjeta_master_debitos_automaticos	8.77855416260545e-06	3.5168639131271e-05	6.72305065146361e-05
cseguro_vivienda_slope_6	8.57772335238454e-06	0.000169699852677198	4.03383039087817e-05
ctarjeta_visa_descuentos	8.1908891405455e-06	0.000265745829298853	4.03383039087817e-05
lag_3_mcaja_ahorro_adicional	7.91159654124526e-06	4.20554774406523e-05	5.37844052117089e-05
lag_6_ccuenta_corriente	7.84065128747231e-06	1.37196450096828e-05	5.37844052117089e-05
lag_1_ccajas_extracciones	7.80506303570912e-06	0.000164424940380959	5.37844052117089e-05
delta_1_catm_trx_other	7.78147355725264e-06	0.000282252638792379	5.37844052117089e-05
lag_6_ctarjeta_master_debitos_automaticos	7.76364215591441e-06	4.43644366975317e-05	8.06766078175633e-05
lag_3_minversion1_pesos	7.75111589106728e-06	4.17246102948627e-05	6.72305065146361e-05
lag_6_mcheques_depositados_rechazados	7.64370013015421e-06	2.75976638018288e-05	2.68922026058544e-05
lag_1_catm_trx	7.64138596294673e-06	2.90624301400525e-05	5.37844052117089e-05
lag_1_mcheques_emitidos	7.45700828048859e-06	0.000112533033993937	4.03383039087817e-05
delta_1_cforex	7.28432256886647e-06	0.000252260814002938	5.37844052117089e-05
lag_3_cprestamos_prendarios	7.12875768736373e-06	3.29931022675674e-05	2.68922026058544e-05
lag_3_mtarjeta_master_descuentos	7.04327396195427e-06	3.25553697741969e-05	9.41227091204905e-05
mpagodeservicios_slope_6	6.66262614017929e-06	3.0917269014581e-05	4.03383039087817e-05
lag_3_minversion1_dolares	6.49412972237529e-06	8.08328163798604e-06	4.03383039087817e-05
delta_1_ccajas_extracciones	6.40223975266868e-06	0.000121918222544666	2.68922026058544e-05
lag_6_cplazo_fijo	6.2226536986752e-06	3.4877276227969e-05	6.72305065146361e-05
mprestamos_hipotecarios_slope_6	5.99349320747109e-06	0.000158490307235177	2.68922026058544e-05
lag_1_ccheques_emitidos_rechazados	5.98790848418425e-06	0.000102771484702038	4.03383039087817e-05
avg_6_cprestamos_prendarios	5.59737139610408e-06	7.99339292003154e-05	1.34461013029272e-05
mcheques_emitidos	5.36604617345373e-06	0.00026283184345332	4.03383039087817e-05
mprestamos_prendarios_slope_6	5.29854896203298e-06	5.99167217461258e-06	1.34461013029272e-05
lag_1_mcheques_emitidos_rechazados	5.2079617549264e-06	0.000113880944234222	2.68922026058544e-05
lag_6_ccajeros_propios_descuentos	5.08634124832963e-06	2.2608940627456e-05	4.03383039087817e-05
avg_6_ctarjeta_master_descuentos	5.03507701824575e-06	0.000177163886199235	2.68922026058544e-05
lag_1_mcaja_ahorro_adicional	4.9410007783072e-06	1.15534107579199e-05	2.68922026058544e-05
mcajeros_propios_descuentos_slope_6	4.87806978945428e-06	1.14196060656233e-05	1.34461013029272e-05
lag_3_mcheques_depositados	4.84982655580671e-06	2.74931687087971e-05	4.03383039087817e-05
ctarjeta_visa_descuentos_slope_6	4.8255939609331e-06	1.77779285837368e-05	2.68922026058544e-05
lag_3_mpagodeservicios	4.67381733859037e-06	1.99500757285688e-05	6.72305065146361e-05
cseguro_vida_slope_6	4.66900586188424e-06	7.45283470645703e-05	4.03383039087817e-05
lag_3_ccheques_emitidos	4.5438390944028e-06	2.40428936565393e-05	4.03383039087817e-05
lag_3_Master_Finiciomora	4.54143217684296e-06	0.000265745829298853	4.03383039087817e-05
ccajeros_propios_descuentos_slope_6	4.45498634393051e-06	0.000264538503188608	4.03383039087817e-05
mforex_buy	4.37153431874633e-06	0.000177163886199235	2.68922026058544e-05
ccajas_depositos	4.27602800361788e-06	8.85819430996176e-05	1.34461013029272e-05
lag_3_mforex_buy	4.25848113548256e-06	1.27771247571451e-05	5.37844052117089e-05
lag_1_cprestamos_hipotecarios	4.13212520579892e-06	0.000170469242401208	2.68922026058544e-05
lag_6_cprestamos_prendarios	3.96391355077792e-06	1.50134726676715e-05	4.03383039087817e-05
ccallcenter_transacciones	3.85322130644522e-06	8.23632362204376e-05	1.34461013029272e-05
lag_3_cpagodeservicios	3.8153724839878e-06	4.7676013628746e-06	1.34461013029272e-05
lag_6_ccajas_depositos	3.75450600444071e-06	1.31303181715922e-05	4.03383039087817e-05
delta_1_active_quarter	3.7310727656642e-06	4.23707212957032e-05	2.68922026058544e-05
lag_3_cinversion2	3.68488246405984e-06	1.48575455995818e-05	4.03383039087817e-05
avg_6_mttarjeta_master_debitos_automaticos	3.57296589003085e-06	1.49519989690392e-05	2.68922026058544e-05
lag_3_catm_trx_other	3.51979038490917e-06	1.3687710289788e-05	2.68922026058544e-05
cpagodeservicios_slope_6	3.38540322225047e-06	1.62138409339169e-05	1.34461013029272e-05
cforex_buy_slope_6	3.37292708934448e-06	2.42093212071483e-05	1.34461013029272e-05
lag_3_ccheques_depositados	3.34515507924678e-06	2.86653997597482e-05	2.68922026058544e-05
lag_3_ccuenta_corriente	2.99125613350704e-06	4.93155671250212e-06	1.34461013029272e-05
avg_6_mtarjeta_visa_descuentos	2.91876225773918e-06	1.10947282727269e-05	1.34461013029272e-05
lag_3_ctarjeta_visa_descuentos	2.90388914182954e-06	6.267529025573e-05	1.34461013029272e-05
lag_6_ccheques_depositados_rechazados	2.86909598849651e-06	1.66622778026712e-05	2.68922026058544e-05
avg_6_mpagodeservicios	2.81769359294624e-06	7.69422601734264e-05	1.34461013029272e-05
ctransferencias_recibidas	2.76934227491876e-06	0.000173383839925334	2.68922026058544e-05
lag_6_cforex_buy	2.68112667178152e-06	1.60726706118919e-05	2.68922026058544e-05
lag_6_mcheques_emitidos_rechazados	2.65672675477134e-06	1.70993221576242e-05	4.03383039087817e-05
tcuentas_slope_6	2.65455206789799e-06	9.49104462863049e-05	4.03383039087817e-05
lag_1_mforex_sell	2.47683667413905e-06	2.61079460743179e-05	2.68922026058544e-05
mttarjeta_master_debitos_automaticos	2.43546312958267e-06	0.000177163886199235	2.68922026058544e-05
delta_1_catm_trx	2.3851637202209e-06	3.90648533646936e-05	1.34461013029272e-05
lag_1_ctarjeta_master_transacciones	2.228139627729e-06	4.24748340896141e-05	1.34461013029272e-05
lag_6_ccheques_depositados	2.2195823850486e-06	8.11707688026897e-06	2.68922026058544e-05
delta_1_minversion2	2.20588772456106e-06	8.8163121669425e-05	1.34461013029272e-05
lag_6_mpayroll2	2.18536844138677e-06	2.49192761611704e-06	1.34461013029272e-05
lag_6_ccheques_emitidos_rechazados	2.13538827356184e-06	7.51867680971021e-06	1.34461013029272e-05
delta_1_ccuenta_debitos_automaticos	2.13055665642141e-06	0.000142468915678694	2.68922026058544e-05
lag_3_cinversion1	2.041421716811e-06	6.98689873261117e-06	2.68922026058544e-05
delta_1_mforex_buy	1.95192523814285e-06	2.50298880401356e-06	1.34461013029272e-05
delta_1_mcheques_emitidos_rechazados	1.91191251907584e-06	6.55714354756233e-06	1.34461013029272e-05
lag_6_cpayroll2_trx	1.90054673718296e-06	6.81682659705009e-06	2.68922026058544e-05
ctarjeta_master_descuentos_slope_6	1.62746947851666e-06	7.64537073835911e-06	1.34461013029272e-05
delta_1_ctarjeta_visa_descuentos	1.61333302247133e-06	2.54774328776079e-06	1.34461013029272e-05
mcheques_depositados	1.60501888422484e-06	8.85819430996176e-05	1.34461013029272e-05
lag_1_mtarjeta_visa_descuentos	1.60407121939599e-06	2.33702001234958e-05	2.68922026058544e-05
mforex_sell	1.40939945833869e-06	8.10104070647981e-05	1.34461013029272e-05
avg_6_cseguro_vida	1.36150813530807e-06	8.85819430996176e-05	1.34461013029272e-05
lag_3_cplazo_fijo	1.05117430556942e-06	5.9408518781479e-06	1.34461013029272e-05
lag_3_cseguro_auto	9.58729336454615e-07	7.53440204688108e-06	1.34461013029272e-05
mcaja_ahorro_adicional_slope_6	8.71134684821313e-07	1.46952468794779e-05	1.34461013029272e-05
lag_1_mplazo_fijo_pesos	7.39458654199518e-07	6.07952451258336e-06	1.34461013029272e-05
lag_3_cpayroll2_trx	5.11125068702122e-07	2.49253929471039e-06	1.34461013029272e-05
lag_3_cforex_buy	5.0424684950212e-07	2.36324573203973e-06	1.34461013029272e-05
delta_1_cprestamos_prendarios	4.851003717232e-07	3.99688633524579e-06	1.34461013029272e-05
lag_3_cliente_vip	4.52645721086142e-07	2.4686838295695e-06	1.34461013029272e-05
lag_1_mpagodeservicios	3.71468584044816e-07	2.32450608779383e-06	1.34461013029272e-05
cseguro_accidentes_personales_slope_6	2.06027605785128e-07	2.90881206409734e-06	1.34461013029272e-05
lag_3_ccheques_emitidos_rechazados	1.43045065768767e-07	2.8369908025941e-06	1.34461013029272e-05
