fecha	objective	metric	first_metric_only	boost_from_average	feature_pre_filter	verbosity	max_depth	min_gain_to_split	lambda_l1	lambda_l2	max_bin	num_iterations	force_row_wise	seed	learning_rate	feature_fraction	min_data_in_leaf	num_leaves	envios	ganancia	iteracion
20230922 013124	binary	custom	TRUE	TRUE	FALSE	-100	-1	0	0	0	31	977	TRUE	279523	0.199173964156187	0.878391895461827	3660	445	11981	516180000	1
20230922 015512	binary	custom	TRUE	TRUE	FALSE	-100	-1	0	0	0	31	1854	TRUE	279523	0.107199828182114	0.425159673634917	4396	748	12479	505715000	2
20230922 020801	binary	custom	TRUE	TRUE	FALSE	-100	-1	0	0	0	31	767	TRUE	279523	0.223314264700981	0.561644328450784	2721	303	10476	479115000	3
20230922 021857	binary	custom	TRUE	TRUE	FALSE	-100	-1	0	0	0	31	731	TRUE	279523	0.140164410501369	0.3613410548307	1649	193	7092	359730000	4
20230922 022200	binary	custom	TRUE	TRUE	FALSE	-100	-1	0	0	0	31	231	TRUE	279523	0.176339167200262	0.223190952073783	6063	479	8377	299215000	5
20230922 032333	binary	custom	TRUE	TRUE	FALSE	-100	-1	0	0	0	31	4287	TRUE	279523	0.0322615547799505	0.557724912865087	2877	590	9057	435015000	6
20230922 035106	binary	custom	TRUE	TRUE	FALSE	-100	-1	0	0	0	31	2845	TRUE	279523	0.0589663407263579	0.637452473454177	6419	127	13751	505470000	7
20230922 041123	binary	custom	TRUE	TRUE	FALSE	-100	-1	0	0	0	31	1933	TRUE	279523	0.0144926212298451	0.894615426613018	7332	962	9908	340025000	8
20230922 042658	binary	custom	TRUE	TRUE	FALSE	-100	-1	0	0	0	31	1654	TRUE	279523	0.141381801611977	0.649320403058082	6928	389	6126	315805000	9
20230922 043555	binary	custom	TRUE	TRUE	FALSE	-100	-1	0	0	0	31	876	TRUE	279523	0.255440973129822	0.709588130004704	5112	835	8796	416395000	10
20230922 044551	binary	custom	TRUE	TRUE	FALSE	-100	-1	0	0	0	31	732	TRUE	279523	0.114225356888375	0.970684184562415	2106	907	7848	400365000	11
20230922 050124	binary	custom	TRUE	TRUE	FALSE	-100	-1	0	0	0	31	1214	TRUE	279523	0.162880370051949	0.328589582908899	1453	542	11423	514500000	12
20230922 050956	binary	custom	TRUE	TRUE	FALSE	-100	-1	0	0	0	31	876	TRUE	279523	0.238708437743015	0.833750097043812	4430	104	6608	337365000	13
20230922 053213	binary	custom	TRUE	TRUE	FALSE	-100	-1	0	0	0	31	2313	TRUE	279523	0.080810519946157	0.249889967599884	5214	337	13363	497840000	14
20230922 055954	binary	custom	TRUE	TRUE	FALSE	-100	-1	0	0	0	31	1836	TRUE	279523	0.0869505868817214	0.721106960102916	952	266	12724	572880000	15
20230922 061007	binary	custom	TRUE	TRUE	FALSE	-100	-1	0	0	0	31	440	TRUE	279523	0.287076304109418	0.765962839089334	535	800	14413	579810000	16
20230922 062348	binary	custom	TRUE	TRUE	FALSE	-100	-1	0	0	0	31	1471	TRUE	279523	0.191099539295421	0.949253999190405	7891	675	10986	472745000	17
20230922 062957	binary	custom	TRUE	TRUE	FALSE	-100	-1	0	0	0	31	391	TRUE	279523	0.282500796838664	0.289558739615604	95	1023	5894	320250000	18
20230922 064935	binary	custom	TRUE	TRUE	FALSE	-100	-1	0	0	0	31	1828	TRUE	279523	0.270575325337471	0.487351383985952	3465	48	14567	538685000	19
20230922 065932	binary	custom	TRUE	TRUE	FALSE	-100	-1	0	0	0	31	723	TRUE	279523	0.0468680585939437	0.475838327752426	5840	636	5317	230475000	20
20230922 073214	binary	custom	TRUE	TRUE	FALSE	-100	-1	0	0	0	31	1533	TRUE	279523	0.101127839062211	0.614007582655326	989	613	14795	600635000	21
20230922 073631	binary	custom	TRUE	TRUE	FALSE	-100	-1	0	0	0	31	277	TRUE	279523	0.140925408725377	0.604118755111758	2	365	14872	399070000	22
20230922 075217	binary	custom	TRUE	TRUE	FALSE	-100	-1	0	0	0	31	1081	TRUE	279523	0.131944475801631	0.814667259455591	899	657	14033	585270000	23
20230922 080647	binary	custom	TRUE	TRUE	FALSE	-100	-1	0	0	0	31	953	TRUE	279523	0.185053550172596	0.490385588595097	1471	701	14998	583835000	24
20230922 081604	binary	custom	TRUE	TRUE	FALSE	-100	-1	0	0	0	31	677	TRUE	279523	0.299483754132815	0.624279327271134	1997	622	14475	562555000	25
20230922 100317	binary	custom	TRUE	TRUE	FALSE	-100	-1	0	0	0	31	4379	TRUE	279523	0.0168771288797363	0.544833418597935	27	648	14661	611660000	26
20230922 162431	binary	custom	TRUE	TRUE	FALSE	-100	-1	0	0	0	31	9897	TRUE	279523	0.0109861642369195	0.628851788129958	1213	778	14177	571375000	27
20230922 190521	binary	custom	TRUE	TRUE	FALSE	-100	-1	0	0	0	31	9589	TRUE	279523	0.0104019840629021	0.698837255118268	648	594	13045	582085000	28
20230922 205133	binary	custom	TRUE	TRUE	FALSE	-100	-1	0	0	0	31	8353	TRUE	279523	0.0220724020321425	0.204061608857039	924	626	14457	583975000	29
20230922 210509	binary	custom	TRUE	TRUE	FALSE	-100	-1	0	0	0	31	1429	TRUE	279523	0.250184214460431	0.424195890128891	231	57	12522	491400000	30
20230922 221437	binary	custom	TRUE	TRUE	FALSE	-100	-1	0	0	0	31	2946	TRUE	279523	0.0399689553362798	0.986014779514866	794	646	14998	618835000	31
20230922 235130	binary	custom	TRUE	TRUE	FALSE	-100	-1	0	0	0	31	8185	TRUE	279523	0.018089783274397	0.759070890256837	4279	642	14994	546070000	32
20230923 001142	binary	custom	TRUE	TRUE	FALSE	-100	-1	0	0	0	31	1172	TRUE	279523	0.0530172813463775	0.996856650198678	2	727	14998	603995000	33
20230923 002813	binary	custom	TRUE	TRUE	FALSE	-100	-1	0	0	0	31	927	TRUE	279523	0.0924293787913203	0.343271402043714	12	835	14998	596435000	34
20230923 003159	binary	custom	TRUE	TRUE	FALSE	-100	-1	0	0	0	31	101	TRUE	279523	0.164694054487155	0.765782067373278	16	923	15000	4.27e+08	35
20230923 003544	binary	custom	TRUE	TRUE	FALSE	-100	-1	0	0	0	31	196	TRUE	279523	0.217995707825438	0.236989405730253	10	782	14994	364350000	36
20230923 005043	binary	custom	TRUE	TRUE	FALSE	-100	-1	0	0	0	31	982	TRUE	279523	0.0751880920863709	0.631437026416061	16	658	14051	585690000	37
20230923 013559	binary	custom	TRUE	TRUE	FALSE	-100	-1	0	0	0	31	3119	TRUE	279523	0.0607998403110701	0.426835735767249	1374	701	14999	598675000	38
20230923 025751	binary	custom	TRUE	TRUE	FALSE	-100	-1	0	0	0	31	5626	TRUE	279523	0.0271531934701804	0.753083706905402	980	831	14489	601125000	39
20230923 042748	binary	custom	TRUE	TRUE	FALSE	-100	-1	0	0	0	31	4519	TRUE	279523	0.017682932917048	0.497760261504648	454	840	14973	618170000	40
20230923 051206	binary	custom	TRUE	TRUE	FALSE	-100	-1	0	0	0	31	1724	TRUE	279523	0.0355100481800054	0.875848987027414	185	692	14998	620235000	41
20230923 054942	binary	custom	TRUE	TRUE	FALSE	-100	-1	0	0	0	31	2042	TRUE	279523	0.0380476917138747	0.466421731882054	101	839	13693	595770000	42
20230923 060603	binary	custom	TRUE	TRUE	FALSE	-100	-1	0	0	0	31	1058	TRUE	279523	0.135371487306384	0.999510449440027	1316	696	14719	592235000	43
20230923 065013	binary	custom	TRUE	TRUE	FALSE	-100	-1	0	0	0	31	1966	TRUE	279523	0.0416840113550634	0.987684288400042	205	569	14996	625275000	44
20230923 084304	binary	custom	TRUE	TRUE	FALSE	-100	-1	0	0	0	31	8495	TRUE	279523	0.0200878466030127	0.991364131355755	493	226	15000	625800000	45
20230923 085346	binary	custom	TRUE	TRUE	FALSE	-100	-1	0	0	0	31	735	TRUE	279523	0.270771567902624	0.999951703164941	2182	658	14032	559230000	46
20230923 090525	binary	custom	TRUE	TRUE	FALSE	-100	-1	0	0	0	31	2043	TRUE	279523	0.0293788725312555	0.997476883698407	9	26	12230	374990000	47
20230923 101809	binary	custom	TRUE	TRUE	FALSE	-100	-1	0	0	0	31	6461	TRUE	279523	0.0176520851890414	0.99398806382638	4103	249	14855	541975000	48
20230923 104422	binary	custom	TRUE	TRUE	FALSE	-100	-1	0	0	0	31	3114	TRUE	279523	0.0582254876692072	0.798928695641947	26	213	14999	617715000	49
20230923 104509	binary	custom	TRUE	TRUE	FALSE	-100	-1	0	0	0	31	1	TRUE	279523	0.247044162350289	0.972586897841059	2	223	14494	318570000	50
20230923 112529	binary	custom	TRUE	TRUE	FALSE	-100	-1	0	0	0	31	4014	TRUE	279523	0.0244721266828251	0.655482422075134	4	292	14997	606235000	51
20230923 122244	binary	custom	TRUE	TRUE	FALSE	-100	-1	0	0	0	31	3959	TRUE	279523	0.016393896952447	0.999731946972699	37	490	15000	613480000	52
20230923 132243	binary	custom	TRUE	TRUE	FALSE	-100	-1	0	0	0	31	5979	TRUE	279523	0.0304595757679771	0.587449198685168	32	228	12993	591710000	53
20230923 133255	binary	custom	TRUE	TRUE	FALSE	-100	-1	0	0	0	31	831	TRUE	279523	0.176032194683841	0.903235295243867	2986	657	14984	552580000	54
20230923 133933	binary	custom	TRUE	TRUE	FALSE	-100	-1	0	0	0	31	408	TRUE	279523	0.299948934595718	0.964393644876611	1079	730	14077	563955000	55
20230923 140703	binary	custom	TRUE	TRUE	FALSE	-100	-1	0	0	0	31	2742	TRUE	279523	0.0411360319889703	0.93070238989624	489	255	14989	612185000	56
20230923 153817	binary	custom	TRUE	TRUE	FALSE	-100	-1	0	0	0	31	9981	TRUE	279523	0.0104437055524754	0.747896095286258	456	215	14982	595700000	57
20230923 163211	binary	custom	TRUE	TRUE	FALSE	-100	-1	0	0	0	31	5102	TRUE	279523	0.0188832993333771	0.983831816526834	10	328	12939	576695000	58
20230923 165634	binary	custom	TRUE	TRUE	FALSE	-100	-1	0	0	0	31	2085	TRUE	279523	0.0654522842239056	0.340051056175763	1061	210	14975	587895000	59
20230923 170347	binary	custom	TRUE	TRUE	FALSE	-100	-1	0	0	0	31	436	TRUE	279523	0.251648655794398	0.733017364925147	424	542	12527	556325000	60
20230923 174836	binary	custom	TRUE	TRUE	FALSE	-100	-1	0	0	0	31	2633	TRUE	279523	0.0254085041389118	0.881687661607486	204	605	14986	621145000	61
20230923 183151	binary	custom	TRUE	TRUE	FALSE	-100	-1	0	0	0	31	2916	TRUE	279523	0.0299065080340734	0.578132459228606	60	538	14998	618835000	62
20230923 185709	binary	custom	TRUE	TRUE	FALSE	-100	-1	0	0	0	31	1599	TRUE	279523	0.113074153362682	0.527096539283021	1176	708	14997	598675000	63
20230923 193421	binary	custom	TRUE	TRUE	FALSE	-100	-1	0	0	0	31	1996	TRUE	279523	0.0303023481607267	0.343370073882577	26	983	14999	615475000	64
20230923 200140	binary	custom	TRUE	TRUE	FALSE	-100	-1	0	0	0	31	2082	TRUE	279523	0.0884960915961592	0.849088334319281	1537	589	14994	602630000	65
20230923 201036	binary	custom	TRUE	TRUE	FALSE	-100	-1	0	0	0	31	625	TRUE	279523	0.279614116595257	0.648587397131561	1447	700	12174	528290000	66
20230923 203715	binary	custom	TRUE	TRUE	FALSE	-100	-1	0	0	0	31	1368	TRUE	279523	0.0392043900078615	0.357966858241431	14	899	15000	607320000	67
20230923 204550	binary	custom	TRUE	TRUE	FALSE	-100	-1	0	0	0	31	710	TRUE	279523	0.2999747805799	0.998074820430191	3848	460	13720	534800000	68
20230923 214653	binary	custom	TRUE	TRUE	FALSE	-100	-1	0	0	0	31	4301	TRUE	279523	0.0189026935291189	0.995857182273838	149	547	14998	619955000	69
20230923 220706	binary	custom	TRUE	TRUE	FALSE	-100	-1	0	0	0	31	1350	TRUE	279523	0.0589578393989987	0.921168500471485	10	521	14993	614390000	70
20230923 221610	binary	custom	TRUE	TRUE	FALSE	-100	-1	0	0	0	31	929	TRUE	279523	0.299766188370409	0.852959315883844	7376	812	14999	533995000	71
20230924 001018	binary	custom	TRUE	TRUE	FALSE	-100	-1	0	0	0	31	5841	TRUE	279523	0.0104133748970168	0.449190612295573	81	1024	14990	622790000	72
20230924 011757	binary	custom	TRUE	TRUE	FALSE	-100	-1	0	0	0	31	3388	TRUE	279523	0.0245406908768305	0.549332256568642	470	1023	15000	612360000	73
20230924 012940	binary	custom	TRUE	TRUE	FALSE	-100	-1	0	0	0	31	884	TRUE	279523	0.252105076489854	0.720982618224737	4234	630	14925	557725000	74
20230924 013116	binary	custom	TRUE	TRUE	FALSE	-100	-1	0	0	0	31	144	TRUE	279523	0.299997194828276	0.221185832059437	7432	16	13238	352275000	75
20230924 020130	binary	custom	TRUE	TRUE	FALSE	-100	-1	0	0	0	31	1884	TRUE	279523	0.048609093086926	0.775977019445357	518	555	14922	625240000	76
20230924 025115	binary	custom	TRUE	TRUE	FALSE	-100	-1	0	0	0	31	2817	TRUE	279523	0.0308728888870962	0.439600106831379	256	605	14984	621740000	77
20230924 041139	binary	custom	TRUE	TRUE	FALSE	-100	-1	0	0	0	31	4312	TRUE	279523	0.0149037595645345	0.53990496983993	2	967	15000	617960000	78
20230924 042552	binary	custom	TRUE	TRUE	FALSE	-100	-1	0	0	0	31	956	TRUE	279523	0.189339048154065	0.582022955089134	2384	657	13015	536655000	79
20230924 044759	binary	custom	TRUE	TRUE	FALSE	-100	-1	0	0	0	31	1463	TRUE	279523	0.0979185474274818	0.386978361870622	1092	609	14935	595455000	80
20230924 052744	binary	custom	TRUE	TRUE	FALSE	-100	-1	0	0	0	31	2510	TRUE	279523	0.0367986685233135	0.97873950002317	1213	525	14983	580580000	81
20230924 053748	binary	custom	TRUE	TRUE	FALSE	-100	-1	0	0	0	31	761	TRUE	279523	0.270485182309527	0.398608912076102	2958	475	14996	549955000	82
20230924 060555	binary	custom	TRUE	TRUE	FALSE	-100	-1	0	0	0	31	1833	TRUE	279523	0.0620306642432475	0.498869055178083	1917	839	14999	561155000	83
20230924 063027	binary	custom	TRUE	TRUE	FALSE	-100	-1	0	0	0	31	1962	TRUE	279523	0.0522573786874514	0.287881652711953	293	414	13238	571235000	84
20230924 065435	binary	custom	TRUE	TRUE	FALSE	-100	-1	0	0	0	31	1563	TRUE	279523	0.0759840266902306	0.7689040253274	722	678	14999	614355000	85
20230924 071651	binary	custom	TRUE	TRUE	FALSE	-100	-1	0	0	0	31	2176	TRUE	279523	0.121704330186265	0.999125799176361	5693	650	14992	566510000	86
20230924 082005	binary	custom	TRUE	TRUE	FALSE	-100	-1	0	0	0	31	3395	TRUE	279523	0.0144949307020312	0.344247838951898	51	1024	13274	578270000	87
20230924 083356	binary	custom	TRUE	TRUE	FALSE	-100	-1	0	0	0	31	779	TRUE	279523	0.104531241961751	0.998391557745175	677	629	13974	592970000	88
20230924 085604	binary	custom	TRUE	TRUE	FALSE	-100	-1	0	0	0	31	1892	TRUE	279523	0.139499204252219	0.45858064485474	7996	771	14993	531230000	89
20230924 090449	binary	custom	TRUE	TRUE	FALSE	-100	-1	0	0	0	31	739	TRUE	279523	0.299745958422173	0.975144374187485	3930	1023	14999	559195000	90
20230924 103206	binary	custom	TRUE	TRUE	FALSE	-100	-1	0	0	0	31	9854	TRUE	279523	0.010330863482725	0.201728745072811	7996	867	14989	458465000	91
20230924 105327	binary	custom	TRUE	TRUE	FALSE	-100	-1	0	0	0	31	2191	TRUE	279523	0.0928093825114987	0.972453190957168	7996	213	15000	529760000	92
20230924 105432	binary	custom	TRUE	TRUE	FALSE	-100	-1	0	0	0	31	58	TRUE	279523	0.299910630497496	0.396495627037944	371	16	10014	258930000	93
20230924 110415	binary	custom	TRUE	TRUE	FALSE	-100	-1	0	0	0	31	693	TRUE	279523	0.285465418260409	0.66072119299478	1699	926	14447	567805000	94
20230924 110828	binary	custom	TRUE	TRUE	FALSE	-100	-1	0	0	0	31	367	TRUE	279523	0.19076146640184	0.522568616814105	7956	22	14999	403235000	95
20230924 113308	binary	custom	TRUE	TRUE	FALSE	-100	-1	0	0	0	31	1539	TRUE	279523	0.0912967363279893	0.34324275738888	758	998	14355	584115000	96
20230924 115028	binary	custom	TRUE	TRUE	FALSE	-100	-1	0	0	0	31	1295	TRUE	279523	0.133789552627491	0.264568305380611	1662	816	14996	568995000	97
20230924 121243	binary	custom	TRUE	TRUE	FALSE	-100	-1	0	0	0	31	1294	TRUE	279523	0.097093424291368	0.618856685225952	887	785	12900	557060000	98
20230924 122335	binary	custom	TRUE	TRUE	FALSE	-100	-1	0	0	0	31	1055	TRUE	279523	0.26291967733748	0.883665219192909	7996	514	12828	497945000	99
20230924 131305	binary	custom	TRUE	TRUE	FALSE	-100	-1	0	0	0	31	1838	TRUE	279523	0.0443304506619713	0.699403921241248	363	636	14934	629930000	100
20230924 133643	binary	custom	TRUE	TRUE	FALSE	-100	-1	0	0	0	31	1995	TRUE	279523	0.0897463882729449	0.786975190701236	7973	707	14995	518315000	101
20230924 134954	binary	custom	TRUE	TRUE	FALSE	-100	-1	0	0	0	31	784	TRUE	279523	0.18397896925995	0.990236539529299	1008	593	9752	479150000	102
20230924 140252	binary	custom	TRUE	TRUE	FALSE	-100	-1	0	0	0	31	1037	TRUE	279523	0.132880033941427	0.99903935843967	3739	575	11459	500815000	103
20230924 155442	binary	custom	TRUE	TRUE	FALSE	-100	-1	0	0	0	31	9811	TRUE	279523	0.0100363839526223	0.328792596831263	7627	200	14933	472850000	104
20230924 161207	binary	custom	TRUE	TRUE	FALSE	-100	-1	0	0	0	31	1591	TRUE	279523	0.187368033756418	0.710584375830134	7757	1024	14998	547995000	105
20230924 162430	binary	custom	TRUE	TRUE	FALSE	-100	-1	0	0	0	31	1146	TRUE	279523	0.258517345487291	0.997240677038558	7853	1023	14999	538195000	106
20230924 164500	binary	custom	TRUE	TRUE	FALSE	-100	-1	0	0	0	31	2077	TRUE	279523	0.099017927539216	0.216091687320736	5383	1024	14994	521150000	107
20230924 170458	binary	custom	TRUE	TRUE	FALSE	-100	-1	0	0	0	31	2009	TRUE	279523	0.132246495661061	0.881185656770301	7995	1009	14965	542325000	108
20230924 172833	binary	custom	TRUE	TRUE	FALSE	-100	-1	0	0	0	31	1708	TRUE	279523	0.089994278195154	0.754834447663869	4065	181	14790	555590000	109
20230924 173542	binary	custom	TRUE	TRUE	FALSE	-100	-1	0	0	0	31	532	TRUE	279523	0.283282117147457	0.471681804607806	6040	1024	15000	507640000	110
20230924 181733	binary	custom	TRUE	TRUE	FALSE	-100	-1	0	0	0	31	3023	TRUE	279523	0.0290198284252901	0.284203287269587	1	579	11063	525420000	111
20230924 184311	binary	custom	TRUE	TRUE	FALSE	-100	-1	0	0	0	31	1585	TRUE	279523	0.0588526181460038	0.728185072389496	529	609	14932	620970000	112
20230924 190348	binary	custom	TRUE	TRUE	FALSE	-100	-1	0	0	0	31	1121	TRUE	279523	0.094094890207166	0.979068352176547	760	726	14995	602035000	113
20230924 191452	binary	custom	TRUE	TRUE	FALSE	-100	-1	0	0	0	31	768	TRUE	279523	0.173774579887702	0.429207356701419	4612	831	14996	521955000	114
20230924 195149	binary	custom	TRUE	TRUE	FALSE	-100	-1	0	0	0	31	2434	TRUE	279523	0.0299710416218066	0.729007530000206	36	656	14937	618415000	115
20230924 204405	binary	custom	TRUE	TRUE	FALSE	-100	-1	0	0	0	31	6469	TRUE	279523	0.0255094301232785	0.885695510629385	17	218	14378	610855000	116
20230924 205833	binary	custom	TRUE	TRUE	FALSE	-100	-1	0	0	0	31	1431	TRUE	279523	0.206201397699581	0.999781101788713	6949	801	13981	540820000	117
20230924 212109	binary	custom	TRUE	TRUE	FALSE	-100	-1	0	0	0	31	2125	TRUE	279523	0.0853349746910207	0.696248490461508	2031	181	13630	567910000	118
20230924 220524	binary	custom	TRUE	TRUE	FALSE	-100	-1	0	0	0	31	2706	TRUE	279523	0.0446640439530209	0.525615121967369	458	631	14998	621635000	119
20230924 221741	binary	custom	TRUE	TRUE	FALSE	-100	-1	0	0	0	31	979	TRUE	279523	0.253459883995819	0.284677751348997	3113	225	12736	512295000	120
