Feature	Gain	Cover	Frequency
ctrx_quarter	0.140160781470643	0.0181599057186184	0.0285607797972608
mcaja_ahorro	0.0456667614904305	0.00901800571859692	0.0200900876701106
mrentabilidad_annual	0.0337917018174291	0.0303989921489235	0.0468637201540523
cliente_edad	0.0337200551321015	0.0349892751399091	0.0593670359041169
numero_de_cliente	0.0314694455705227	0.030526692237741	0.0551472193028698
mcuentas_saldo	0.03034996745343	0.0181955952177785	0.025612700246121
mprestamos_personales	0.0266719917166409	0.0175121512069339	0.00454635502533401
mcuenta_corriente	0.0251815672749695	0.0295958659565653	0.0408164635804728
mpasivos_margen	0.0246357552336433	0.0154266935369636	0.0278674102900736
cpayroll_trx	0.0238611187436144	0.00714270231032035	0.000899029954234255
Visa_Fvencimiento	0.0232541177207701	0.0210222775905169	0.0349555605548299
cliente_antiguedad	0.0232009945557083	0.0245399708019008	0.0427924827329168
Master_fechaalta	0.0229272121601232	0.0156324971899336	0.0279916459886979
Master_Fvencimiento	0.0224776638235727	0.0201381274460514	0.0327235151315723
mrentabilidad	0.0195963406858625	0.018859441392009	0.029139986770577
mactivos_margen	0.0188996566866037	0.0204229022567008	0.0257738708821742
Visa_fechaalta	0.0187975538200302	0.0120814568831536	0.025232438276683
Master_mfinanciacion_limite	0.0187417214024518	0.0178672048954605	0.0256017876509716
mpayroll	0.0180123874578811	0.00573659545653207	0.00171747459044191
mtarjeta_visa_consumo	0.0176485834642823	0.00568545138598597	0.00523216965895622
chomebanking_transacciones	0.0173500261900593	0.0104170779048256	0.0235300734333711
Visa_mfinanciacion_limite	0.0171778287899276	0.014029551487091	0.0245264773135541
Visa_mpagominimo	0.012386614486774	0.0104787212396657	0.0113868733232378
mcaja_ahorro_dolares	0.0120267666795593	0.0119296270777497	0.0151307328898902
mcomisiones_mantenimiento	0.0120227545424294	0.0123111210863858	0.0111157373052941
cproductos	0.0115291883152804	0.0237298462357361	0.0164956467139658
Visa_mpagospesos	0.0109316847338751	0.00892472361309912	0.0147513103508483
ctarjeta_visa_transacciones	0.0108878911044429	0.00804356491333763	0.00733578223160892
mcomisiones	0.0105520136016597	0.00591719070306977	0.0168440103283516
foto_mes	0.0103289321131916	0.0488535554424749	0.0170866057128275
Master_fultimo_cierre	0.00983896531911062	0.00753875954539342	0.015151718649793
cdescubierto_preacordado	0.00957244901448546	0.0209998215344314	0.00348531500465044
mtransferencias_recibidas	0.00951141638834926	0.00724450460891337	0.0115270581993882
Visa_mconsumospesos	0.00934708196728658	0.00756128167092341	0.012239734605686
Visa_fultimo_cierre	0.00924187103544427	0.00634101917733764	0.0149410216203693
ccomisiones_otras	0.00832103377550037	0.0069549290482431	0.0144516336994369
Visa_msaldopesos	0.00781931690859144	0.00756720525584508	0.00640065677034192
Visa_cconsumos	0.00718067105704373	0.00412717346675607	0.00847153155754631
mcomisiones_otras	0.00694438680298144	0.00578536724886436	0.0108991642630976
mttarjeta_visa_debitos_automaticos	0.00691142170646984	0.00381748232797326	0.00693453450226814
ctarjeta_debito	0.00675812794092849	0.0148017169353549	0.0108697841992338
Visa_msaldototal	0.00607087246411455	0.00679850573755556	0.00674062608076664
mcuenta_debitos_automaticos	0.00575378329923741	0.00505194535736117	0.00547476504343213
Master_status	0.00549203483001521	0.0144077794529807	0.00120206432723011
Visa_status	0.00530077306823001	0.0135658058099073	0.00124655413822397
mtransferencias_emitidas	0.00526432804151087	0.00458304112806804	0.005496590233731
mautoservicio	0.00519368673270808	0.00487187590114071	0.00524811883648232
Master_mlimitecompra	0.00512932928735209	0.00684909379767979	0.00682205082918935
ctransferencias_recibidas	0.0049845084996724	0.00435380489484704	0.00688584753929374
cprestamos_personales	0.00456799710456263	0.0141537695482967	0.00351301620772209
internet	0.00410715394537026	0.0120710508468948	0.0049484421850709
Visa_mlimitecompra	0.00409811143889044	0.0109279303058314	0.0059154660013901
ctarjeta_debito_transacciones	0.00406432412671888	0.00288889821067191	0.00497866167933087
ccallcenter_transacciones	0.00404453191068666	0.00889011942060528	0.00266687036844279
cmobile_app_trx	0.0040213015549543	0.00317885083134052	0.00680610165166325
ctarjeta_visa_debitos_automaticos	0.00373398995402662	0.00289052254129601	0.00360787184248257
mpagomiscuentas	0.00369543610781954	0.0037732784624701	0.00358436779139147
Master_mpagospesos	0.00360244843032965	0.00501309356127147	0.00400995900221945
Master_mpagominimo	0.00359510007215391	0.00451519714130119	0.00285909992915207
Master_msaldopesos	0.00345215301778446	0.00332037311210116	0.00245701276941519
ccaja_ahorro	0.00330882740599398	0.00704815392318326	0.00262657770942949
thomebanking	0.00306255786351539	0.00452673243176404	0.00442967420027466
Visa_mconsumosdolares	0.00305156625944052	0.0031381551644548	0.00351049791653376
ctransferencias_emitidas	0.00287836199981211	0.00301443237718615	0.0031025347440241
ccomisiones_mantenimiento	0.00277020934009838	0.0151814588692317	0.00251577289714291
Master_mconsumospesos	0.00273081697525495	0.00213629973698711	0.00259383992398118
tcallcenter	0.0026460919617472	0.00608276482933012	0.00101067419691694
active_quarter	0.0026233086555826	0.00699989044091161	0.0094058175884172
ccaja_seguridad	0.0025343366711799	0.00615340901494275	0.000529680579945672
Master_msaldototal	0.00241246390114066	0.00298176612297088	0.00259803707596174
mtarjeta_master_consumo	0.00232820137424973	0.001907565690799	0.00115169850346349
ccuenta_debitos_automaticos	0.00213462272582067	0.00243186193988888	0.00227401694306312
mextraccion_autoservicio	0.00202890753768975	0.00224657660224286	0.00227149865187478
cpagomiscuentas	0.00202138654738582	0.00246054521394087	0.00215733611800377
Visa_mpagado	0.00190776411949454	0.00267292988724614	0.0026677097988389
ccajas_transacciones	0.00184878028512839	0.00311193853237472	0.000874686472747053
cextraccion_autoservicio	0.00184511457762771	0.00320984016602411	0.00196762484848281
Master_cconsumos	0.00177284908666803	0.00191915139748217	0.00151097471299875
matm	0.00177047551754094	0.0014831199758319	0.00186437490976123
tmobile_app	0.00175456772570601	0.00289345670606316	0.000500300516081808
ccajas_consultas	0.00174717975611503	0.0181695203041629	0.00219594991622485
ctarjeta_visa	0.00165248137736675	0.000549417402376953	0.000331575006463614
ccajas_otras	0.0013869905272723	0.0135520252446769	0.00146480604121267
mplazo_fijo_dolares	0.00136854225386481	0.00379031188618547	0.000906584827799248
ctarjeta_master_transacciones	0.00133452636130293	0.00174263793899889	0.000998922171371394
matm_other	0.00131290742201018	0.0018716107781382	0.00116261109861293
Visa_mconsumototal	0.00130826064492587	0.000687028302895422	0.00131874515228946
catm_trx	0.00127244496491031	0.00240706570210589	0.0013942938879394
Visa_msaldodolares	0.00126752523461586	0.00358788118205087	0.00145557230685546
cseguro_accidentes_personales	0.00125027066259585	0.00114434519598994	0.00163353155083087
mttarjeta_master_debitos_automaticos	0.00113355195372392	0.00234620631233308	0.00100227989295584
Visa_mpagosdolares	0.00110927857022915	0.00201578102149857	0.00132378173466613
Visa_Finiciomora	0.000997317174683192	0.019293073821268	0.00173006604638357
tcuentas	0.000896141398355803	0.00288906600138359	0.00123648097347064
mcaja_ahorro_adicional	0.000859588103722812	0.00930982793665389	0.001345606924965
mprestamos_prendarios	0.000828390032109126	0.00834139703125566	0.000520446845588458
cseguro_vivienda	0.00081733883102925	0.0011928702401803	0.00124823299901619
minversion2	0.000738115100397896	0.00543275180923753	0.00052632285836123
cplazo_fijo	0.000714081050808951	0.00243881799567299	0.000360115639931368
cseguro_vida	0.000558845701888108	0.00129119253571103	0.000836072674525974
Master_mpagado	0.000555137011435112	0.00129981247490325	0.000579206973316187
catm_trx_other	0.000546355538150453	0.0012896470143794	0.000690011785602761
Master_Finiciomora	0.00049585732556617	0.0167328606283136	0.000798298306701005
mtarjeta_visa_descuentos	0.000458051385528765	0.00187261164627683	0.000511213111231243
Master_msaldodolares	0.000414693313201613	0.00226289259474868	0.000350881905574154
Master_mpagosdolares	0.000367695728781777	0.00106178851177835	0.000220770194177039
ctarjeta_master_debitos_automaticos	0.000339646758021484	0.00093991063227009	0.000353400196762485
Master_mconsumototal	0.000337042113461587	0.000306406430677764	0.000340808740820829
minversion1_pesos	0.000334112866028041	0.00426482846295009	0.000559900074205647
ctarjeta_master	0.000318624808880942	8.0906873891423e-05	0.000256865701209787
Master_mconsumosdolares	0.000317869580665414	0.000506389849508778	0.00020230272546261
cseguro_auto	0.000277057922090661	0.00183278974532495	0.000240916523683689
mcheques_emitidos	0.000255794687221512	0.002539111165446	0.00018131696555985
ccajas_extracciones	0.000243403814583446	0.00117405442284257	0.000308070955372522
cprestamos_prendarios	0.000242638919473153	0.00138394499930962	0.000188871839124843
ccheques_emitidos	0.000222456414566016	0.00341785758979637	0.00016201006644931
ccheques_depositados	0.000195399938509941	0.000937324294981781	0.000115001964267127
mforex_buy	0.000188040265879851	0.00176597501976889	0.000130951141793225
ccajas_depositos	0.00017254503159498	0.0019860240942847	0.000286245765073652
cprestamos_hipotecarios	0.000167774106592218	0.00200801114619733	0.000125914559416562
Visa_delinquency	0.0001563094176687	0.000183612763488865	0.000245113675664241
mcajeros_propios_descuentos	0.000139933620714751	0.00100544599068403	9.56950651565873e-05
cinversion2	0.000137734256201975	0.00228015745903663	0.000198105573482058
Master_delinquency	0.000137312532996517	0.000182315965469399	9.98922171371394e-05
mcheques_depositados	0.000125500441741298	0.00153284202256547	0.000167886079222083
ccajeros_propios_descuentos	0.000124374516234288	0.00052299732776241	8.4782470007152e-05
mpagodeservicios	0.000122496456486555	0.00071763366448483	9.65344955526978e-05
mforex_sell	0.000101815698470179	0.000494619266891379	0.000106607660306023
mtarjeta_master_descuentos	9.11335630951108e-05	0.000482588159319648	9.9052786741029e-05
cforex_buy	7.12984946437403e-05	0.00135360416239428	9.23373435721457e-05
cpagodeservicios	6.97844940838924e-05	0.000448502893426461	4.95263933705145e-05
minversion1_dolares	5.65404524258629e-05	0.00138115991051616	4.19715198055208e-05
cforex	5.64082452154374e-05	0.000251284910445046	7.55487356499374e-05
mprestamos_hipotecarios	5.42887626446527e-05	0.000886875188083765	6.12784189160603e-05
ctarjeta_visa_descuentos	4.74443807643012e-05	0.000202554646067006	6.12784189160603e-05
mcheques_emitidos_rechazados	3.66652258201201e-05	0.00139667368763	5.37235453510666e-05
cinversion1	3.13901566182521e-05	0.000405179410677444	7.13515836693853e-05
cforex_sell	3.12216784414929e-05	0.000464087529772576	3.77743678249687e-05
ctarjeta_master_descuentos	2.40891036572077e-05	0.00017144685054842	3.86137982210791e-05
Master_madelantopesos	2.40103836753849e-05	1.64714384035206e-06	1.0073164753325e-05
Visa_madelantopesos	1.20790909074145e-05	8.99475737234984e-05	1.76280383183187e-05
cliente_vip	1.14368022828636e-05	0.000974499319677573	3.27377854483062e-05
ccuenta_corriente	1.06030697967051e-05	3.63944867971664e-06	4.19715198055208e-06
mplazo_fijo_pesos	6.76461569061942e-06	0.000478133557882893	1.25914559416562e-05
Visa_cadelantosefectivo	3.0280897308839e-06	0.000154959363886719	6.71544316888332e-06
mcuenta_corriente_adicional	1.14428404001822e-06	2.98201326614686e-06	8.39430396110415e-07
Master_madelantodolares	9.30721527738759e-07	4.43178822051135e-07	8.39430396110415e-07
ccheques_emitidos_rechazados	7.16496414990516e-07	7.70711426693495e-07	8.39430396110415e-07
Visa_madelantodolares	6.74565447260407e-07	0.000182367665550367	6.71544316888332e-06
Master_cadelantosefectivo	1.15908419258841e-09	2.18750103809084e-08	8.39430396110415e-07
