Feature	Gain	Cover	Frequency
ctrx_quarter	0.170130853238716	0.0232242906701798	0.0363705291506425
cliente_edad	0.033592120660518	0.0488047003739005	0.0580914242036523
mcuentas_saldo	0.0335916468719509	0.0189953301359867	0.0288832392652535
mrentabilidad_annual	0.0331014144491516	0.0367807768329614	0.0456850230200623
numero_de_cliente	0.031011691123548	0.044823942112267	0.0556137134459196
mcaja_ahorro	0.0298064656670591	0.0110513443473838	0.0242490708584659
cpayroll_trx	0.027490778647345	0.00417818391855101	0.000684355281321101
mpasivos_margen	0.0265862966272472	0.0214667505451384	0.0331906157166621
mprestamos_personales	0.0265003227748856	0.0143122126923218	0.00425198798439522
cliente_antiguedad	0.0241564915615633	0.0317124138474215	0.0427691279455125
mcuenta_corriente	0.0238295111520393	0.041197945369623	0.0452160673326822
Visa_Fvencimiento	0.0232325892981442	0.0228474813303356	0.0349058119118437
Master_Fvencimiento	0.0227492177956611	0.0195481612782843	0.0315671182057583
Master_fechaalta	0.0225473059149369	0.0173147816843031	0.0271594270863143
mactivos_margen	0.0193932011971494	0.0226718389788398	0.0271175780223486
Visa_fechaalta	0.0192025525065949	0.0149727835878633	0.0262442865257707
chomebanking_transacciones	0.0182270727078761	0.0134972720134722	0.0252448324098845
mrentabilidad	0.0176767946660524	0.0227712418352195	0.0279933312285716
Master_mfinanciacion_limite	0.0172158626078352	0.0149619167996467	0.0232526938796359
Visa_mfinanciacion_limite	0.0166703297156446	0.0142427985991407	0.0232600790085711
mpayroll	0.0148275515250054	0.00803716505549747	0.00221738496276972
Visa_mpagominimo	0.0138275899707794	0.00809546061564296	0.0121399211145144
mtarjeta_visa_consumo	0.0127292590153436	0.00343230575897415	0.00615981295930117
Visa_mpagospesos	0.0123670915893086	0.00740701880494454	0.0151425914540519
cproductos	0.0121889793523308	0.0292406927066858	0.0195188957755216
mcomisiones_mantenimiento	0.0119875443426208	0.0104175097689049	0.0105773509173253
mcaja_ahorro_dolares	0.011393170908936	0.0135630148498727	0.0132347664791459
ctarjeta_visa_transacciones	0.0112709699034421	0.00563744018240671	0.00825103530276259
foto_mes	0.0112103715575604	0.0334369568455789	0.0185680604251249
Visa_mconsumospesos	0.0105204405667835	0.00675646740559217	0.0123682446840919
mtransferencias_recibidas	0.010192904491474	0.00804970055908954	0.0128685871694462
cdescubierto_preacordado	0.0101102689340752	0.013330336557361	0.00546868797645621
ccomisiones_otras	0.00925599802948528	0.00837606660722874	0.0152250587271607
Master_fultimo_cierre	0.00919878532545742	0.00857918160536957	0.0147087151291136
Visa_fultimo_cierre	0.00866350368324548	0.00845910314696785	0.0149234992956433
mcomisiones	0.00860896690275079	0.00713172183042001	0.0130962953116124
mcomisiones_otras	0.0077128777706568	0.00677984016126308	0.0115404948159472
Visa_msaldopesos	0.00754177254169497	0.00577484260067835	0.0064422941410695
Visa_cconsumos	0.00726775103366521	0.00364814046316828	0.00811133328040658
mttarjeta_visa_debitos_automaticos	0.00642081884246023	0.0028119084422372	0.00626505104662663
ctarjeta_debito	0.00628286752457946	0.014031442341844	0.00977975699233239
Visa_msaldototal	0.00554456707322466	0.00527363008316379	0.00643367815731186
mtransferencias_emitidas	0.00529456265773029	0.00456319688244288	0.00541637664649911
mcuenta_debitos_automaticos	0.00528799019351174	0.00366879093873464	0.00395104398028909
Visa_status	0.00523106978015002	0.00812342138352927	0.00135394030477196
mautoservicio	0.00493231328176831	0.00383861475842092	0.00515174285965732
ctransferencias_recibidas	0.00469269037006986	0.00330354151490342	0.0058994871643382
Master_status	0.00445897251687145	0.0116168698728081	0.0014117904814304
cmobile_app_trx	0.00433819750822116	0.0038150009983447	0.00677031695127107
Master_mlimitecompra	0.00404647705066918	0.00751507227868737	0.00561208256327979
Visa_mlimitecompra	0.00378826657551106	0.00803376433925994	0.00461632101186113
Master_mpagominimo	0.00377630559561542	0.00610859340363989	0.00246294049986245
ctarjeta_debito_transacciones	0.00373331611391143	0.00244013677119717	0.00428952905648208
ctarjeta_visa_debitos_automaticos	0.00364458900481469	0.00159464980999065	0.00291097165525972
internet	0.00341548321871448	0.0203354920864226	0.00695863773911663
mpagomiscuentas	0.0033637729865465	0.00258278254156165	0.00289804767962326
Master_mpagospesos	0.00335984794990434	0.00526121927315533	0.00316883574057765
cprestamos_personales	0.00320936706172519	0.0156552846181409	0.00324761044921893
ccaja_ahorro	0.00317127814857151	0.00597155201171381	0.0022376940673413
thomebanking	0.00313116547363551	0.01118422273749	0.00397627650415075
active_quarter	0.00307321424399113	0.00846291084193075	0.0101133186492353
ccallcenter_transacciones	0.00302017404527497	0.00758868554617918	0.00210353089168662
Visa_mconsumosdolares	0.0029728808997033	0.00235391323198936	0.00330299891623233
ccomisiones_mantenimiento	0.00281557866385171	0.00729265372271633	0.0022746197120169
ctarjeta_master	0.00280763462149625	0.000193042847728386	0.000259710367551713
ctransferencias_emitidas	0.00278758555632339	0.00224505407440717	0.00258787226434823
Master_mconsumospesos	0.00273941143314019	0.00215200618110966	0.00209799204498528
Master_msaldopesos	0.00273708972912257	0.00279611005771694	0.00210599260133166
tcallcenter	0.002733846706487	0.00136331631769458	0.000692355837667481
ccaja_seguridad	0.00258807830785838	0.00674840170417429	0.000401874099552769
Master_msaldototal	0.00221677957972917	0.00196710354096177	0.00197675284496707
mtarjeta_master_consumo	0.00194007333872024	0.00127392066715252	0.000893600601149495
ctarjeta_visa	0.00189354361039198	0.000677480956541426	0.000490495646774206
ccajas_transacciones	0.00182050959194726	0.00316818787420805	0.00072805062752056
mextraccion_autoservicio	0.00179516738458171	0.00266945962311771	0.00196198258709683
cpagomiscuentas	0.00176981203474507	0.00131798978527928	0.00144317727940466
ccuenta_debitos_automaticos	0.00174156410103535	0.00172972695052319	0.00138594253015748
Visa_mpagado	0.00170311983233424	0.00195192135493321	0.00177673893630757
ccajas_consultas	0.00164203473131339	0.0241379106682706	0.00265003043288549
Master_cconsumos	0.00164024134514345	0.000990172689783168	0.000974221592024553
cextraccion_autoservicio	0.00156708171277634	0.00205349870848792	0.00145117783575104
matm	0.00134812991010477	0.00148745738124404	0.00138040368345614
tmobile_app	0.00128019997567704	0.00164543659846356	0.000253556093439113
ccajas_otras	0.0011926228141644	0.0146369778730648	0.00141117505401914
mplazo_fijo_dolares	0.00111492412646017	0.00188062478594758	0.000465878550323807
catm_trx	0.00108006564586493	0.00213286150281404	0.00100868552705511
ctarjeta_master_transacciones	0.00107410816764145	0.00111275344627928	0.000681278144264801
cseguro_accidentes_personales	0.00102290656265147	0.00128566035411459	0.00103022548644921
mttarjeta_master_debitos_automaticos	0.000953275027038232	0.0017001912712405	0.000610503991969903
Visa_Finiciomora	0.000925623893344594	0.0170255466653322	0.00172011961447165
mprestamos_prendarios	0.000903496964463342	0.00548678481400494	0.00036125589040961
matm_other	0.000874181633340202	0.00133963206819583	0.000828365295555937
cplazo_fijo	0.00081433458935542	0.00149158032481354	0.000179089376676655
Visa_msaldodolares	0.000797470116968802	0.00235811330133458	0.000980375866137153
Visa_mpagosdolares	0.00075866443223295	0.000926434555968491	0.00104684202655323
mcaja_ahorro_adicional	0.000690026001515347	0.0108559978773846	0.00120685315348083
minversion2	0.000684885663397392	0.00295890298865061	0.000248632674149033
tcuentas	0.000675711165702679	0.00292838128699667	0.00104745745396449
Master_Finiciomora	0.000579171167321861	0.0125007621739759	0.000873906923989176
cseguro_vivienda	0.000537736351411299	0.0010051901894681	0.000694202119901261
cseguro_vida	0.000492270995664025	0.0015457554955123	0.000496034493475546
catm_trx_other	0.000483240583101448	0.00120879675800736	0.000539729839675005
Master_mpagado	0.000472299914181946	0.000863763936322624	0.000498496203120586
Master_mpagosdolares	0.000443672863138708	0.000751826515045544	0.000284942891413372
mcheques_emitidos	0.000370465852403345	0.00250014861452607	0.000192628779724375
Master_msaldodolares	0.00032306790140584	0.000528841860683358	0.000261556649785493
ctarjeta_master_debitos_automaticos	0.000312665835906085	0.000252601825442431	0.000177858521854135
cseguro_auto	0.000292980573524183	0.00164683243747437	0.000150779715758696
mtarjeta_visa_descuentos	0.000262368185227496	0.000998444838543517	0.000205552755360834
Master_mconsumosdolares	0.000246741888204444	0.000302695289647917	0.000160011126927596
ccajas_extracciones	0.000244686749026157	0.00176556655409282	0.000190167070079335
ccheques_depositados	0.000231986316337123	0.000578545002536779	6.09273137147383e-05
minversion1_pesos	0.000189681811337021	0.00311089335554893	0.000235093271101314
Visa_delinquency	0.000153667397454055	0.00028953736598302	0.00035756332594205
cprestamos_hipotecarios	0.000135513982387759	0.00126888952555097	6.89278700611181e-05
ccheques_emitidos	0.000132929153680018	0.00107172216248522	7.3235861939938e-05
ccajas_depositos	0.000118132494501323	0.00309132270633296	0.000241862972625173
mcajeros_propios_descuentos	9.07648820090384e-05	0.000467419792301697	4.24644913769388e-05
mcheques_depositados	9.02286678128791e-05	0.000346133124677529	5.53884670133985e-05
cprestamos_prendarios	8.74596570890102e-05	0.0017767992804295	9.78529583903373e-05
mpagodeservicios	8.29880181289968e-05	0.000485749530791672	6.83124426498581e-05
mforex_sell	8.25325776733753e-05	0.000223458935314141	5.78501766584384e-05
mforex_buy	7.74699040559878e-05	0.000527705974612608	4.12336365544189e-05
Visa_mconsumototal	7.33683429909075e-05	6.77147938225948e-05	0.000132932320832156
cinversion2	6.13371050922689e-05	0.000625578998771372	5.29267573683585e-05
Master_delinquency	4.95592482837605e-05	0.000122099468079114	8.86215472214376e-05
cforex_buy	4.95480795012466e-05	0.000410897950356858	1.96936771603195e-05
ctarjeta_visa_descuentos	4.47112948459717e-05	0.000189581749408876	3.32330802080391e-05
ccajeros_propios_descuentos	4.16493506358224e-05	9.96780467359729e-05	3.5079362441819e-05
cforex	4.13224821956681e-05	0.000138123750569132	3.5079362441819e-05
cinversion1	4.07753836724067e-05	0.000365891360021648	3.5694789853079e-05
cpagodeservicios	2.8696038750423e-05	6.51321609264315e-05	1.23085482251997e-05
mtarjeta_master_descuentos	2.58388876246646e-05	0.000349125530553033	4.61570558444987e-05
mprestamos_hipotecarios	2.30414174514117e-05	0.000561075130217132	4.06182091431589e-05
minversion1_dolares	1.52311446363542e-05	5.33836546002584e-05	1.84628223377995e-06
ctarjeta_master_descuentos	1.48255225751447e-05	8.04986803968714e-05	9.84683858015973e-06
Master_mconsumototal	1.39907058101507e-05	1.59991778644665e-05	1.96936771603195e-05
cforex_sell	1.377046006982e-05	3.35020573091868e-05	9.84683858015973e-06
Master_madelantopesos	1.13917879600362e-05	8.71477605399926e-06	2.33862416278794e-05
mcheques_emitidos_rechazados	4.64492968030937e-06	4.91764686394435e-06	1.84628223377995e-06
Visa_madelantopesos	3.108000083745e-06	4.53503272342938e-05	8.00055634637978e-06
Visa_cadelantosefectivo	1.82377431786823e-07	2.59601475308808e-06	3.07713705629992e-06
Master_cadelantosefectivo	1.09336596888582e-12	5.61147322388177e-06	4.92341929007986e-06
